0.129419	0.287999
0.102373	0.576864
0.0559288	0.866307
0.075135	1.15633
0.148345	1.44693
0.176095	1.73812
0.227255	2.02988
0.161684	2.32224
0.187997	2.61517
0.142545	2.9087
0.167372	3.20281
0.212523	3.49751
0.245193	3.7928
0.250189	4.08868
0.248407	4.38515
0.233184	4.68222
0.230059	4.97988
0.219036	5.27814
0.228742	5.57699
0.244715	5.87645
0.252838	6.1765
0.275083	6.47715
0.256455	6.77841
0.253414	7.08026
0.250734	7.38273
0.241314	7.6858
0.243427	7.98947
0.250077	8.29375
0.223795	8.59865
0.130677	8.90415
0.167095	9.21026
0.178259	9.51699
0.19701	9.82433
0.176206	10.1323
0.179092	10.4409
0.167537	10.75
0.189024	11.0599
0.157758	11.3703
0.184909	11.6813
0.140064	11.993
0.180309	12.3053
0.159082	12.6182
0.181774	12.9318
0.156433	13.246
0.179907	13.5608
0.144514	13.8762
0.173278	14.1923
0.12509	14.509
0.183354	14.8263
