-10949.7
-10872.8
-10783
-10767.3
-10742.2
-10715.4
-10703.1
-10702.1
-10700.9
-10702.7
-10703.2
-10707.1
-10709.8
-10710.8
-10712.8
-10712.8
-10715.2
-10715.9
-10717.2
-10720.3
-10719.5
-10719.9
-10721.4
-10722.1
-10722.1
-10722.6
-10723.1
-10723.8
-10724.3
-10724.5
-10724.3
-10724.1
-10724
-10724.1
-10724.2
-10723.8
-10724.2
-10724.8
-10724.8
-10724.5
-10725.4
-10725.6
-10725.7
-10726.1
-10727.2
-10728.6
-10728.2
-10728.6
-10728.5
-10729.3
-10729.5
-10729.8
-10730.6
-10731.1
-10730.7
-10731.1
-10731
-10731
-10731
-10731.1
-10731
-10731
-10731.1
-10730.7
-10731
-10731.2
-10731.1
-10730.8
-10731
-10731
-10731.1
-10731.1
-10731.1
-10731
-10730.9
-10731
-10731
-10731.2
-10730.9
-10731.1
-10731
-10731.1
-10731.1
-10730.7
-10730.9
-10731
-10731.2
-10731
-10731
-10731.1
-10731.1
-10731.2
-10731.2
-10731.2
-10731.1
-10731.3
-10731
-10731
-10730.9
