0.09969	1.21442
0.135634	2.43737
0.150494	3.66768
0.166848	4.90539
0.172369	6.15055
0.18244	7.4032
0.190182	8.66339
0.195851	9.93117
0.199576	11.2066
0.201483	12.4897
0.199441	13.7805
0.136955	15.079
0.0872089	16.3854
0.105422	17.6997
0.118524	19.0218
0.125394	20.3519
0.141336	21.6901
0.155749	23.0362
0.165682	24.3905
0.140466	25.7529
0.161664	27.1235
0.163395	28.5024
0.168486	29.8896
0.144773	31.2851
0.121069	32.689
0.117053	34.1014
0.112801	35.5222
0.120202	36.9516
0.119566	38.3897
0.114555	39.8363
0.106059	41.2917
0.113494	42.7558
0.103208	44.2288
0.113814	45.7106
0.0999917	47.2013
0.108277	48.701
0.101168	50.2097
0.108768	51.7275
0.100961	53.2545
0.109334	54.7906
0.109508	56.336
0.103139	57.8906
0.106319	59.4547
0.108111	61.0281
0.108235	62.611
0.112571	64.2035
0.0999797	65.8055
0.106289	67.4171
0.108871	69.0385
