0.150643	0.865725
0.139947	1.73753
0.110958	2.61458
0.15928	3.49691
0.182762	4.38455
0.209538	5.27753
0.250131	6.17588
0.275303	7.07965
0.272726	7.98885
0.227944	8.90352
0.169642	9.82369
0.118986	10.7494
0.134919	11.6807
0.167067	12.6176
0.198205	13.5601
0.18821	14.5083
0.182906	15.4622
0.143575	16.4219
0.134132	17.3873
0.168359	18.3585
0.169582	19.3356
0.185874	20.3185
0.162811	21.3074
0.181817	22.3022
0.138339	23.3031
0.144963	24.3099
0.13881	25.3228
0.167696	26.3418
0.0939691	27.3669
0.120364	28.3982
0.125589	29.4357
0.15639	30.4794
0.137237	31.5294
0.143018	32.5858
0.135462	33.6485
0.118422	34.7176
0.0908538	35.7931
0.105567	36.8751
0.105704	37.9636
0.157494	39.0586
0.146234	40.1603
0.125295	41.2686
0.0982473	42.3835
0.104877	43.5052
0.104518	44.6336
0.0992883	45.7688
0.110132	46.9108
0.119219	48.0597
0.124648	49.2156
