-9681.84
-10013.3
-10122.2
-10137.7
-10134.9
-10056.3
-9860.34
-9740.69
-9645.05
-3725.67
7.81247
7.80989
7.79955
7.76852
7.71726
7.66253
7.61341
7.53838
7.4583
7.3859
7.30049
7.23597
7.18168
7.10113
7.04984
6.9881
6.94126
6.88697
6.83527
6.77839
6.70084
6.64138
6.58963
6.54572
6.50953
6.46558
6.42422
6.39235
6.36476
6.32857
6.31047
6.29237
6.28203
6.23809
6.2174
6.19931
6.16828
6.13468
6.09848
6.0778
6.05971
6.04161
6.02868
5.98215
5.9563
5.91752
5.88908
5.87357
5.85289
5.81928
5.79602
5.77275
5.74431
5.73397
5.70295
5.67794
5.65642
5.6409
5.63056
5.61764
5.60471
5.58662
5.55559
5.54525
5.52457
5.49355
5.47585
5.4541
5.44184
5.41082
5.38755
5.35912
5.33844
5.3281
5.3092
5.30744
5.2919
5.28156
5.26088
5.24795
5.23245
5.21693
5.19884
5.16264
5.13938
5.12128
5.1006
5.0825
5.0644
