141.553	0.359005
193.506	0.720352
197.084	1.0826
65.2374	1.44576
270.143	1.80983
91.5952	2.17481
221.105	2.5407
241.323	2.90751
150.654	3.27524
258.7	3.64388
171.203	4.01345
188.531	4.38395
247.483	4.75537
167.463	5.12772
283.468	5.501
200.215	5.87522
242.888	6.25038
242.714	6.62647
199.161	7.00351
270.567	7.38149
212.537	7.76041
224.897	8.14029
144.695	8.52111
150.269	8.90289
141.88	9.28562
77.1304	9.66931
32.3648	10.054
82.4612	10.4396
131.268	10.8262
136.152	11.2137
145.387	11.6022
108.601	11.9917
98.9148	12.3822
84.5587	12.7736
121.642	13.166
177.372	13.5595
134.811	13.9538
113.175	14.3492
75.9598	14.7456
131.413	15.1429
137.293	15.5413
170.702	15.9406
173.013	16.341
151.563	16.7423
111.974	17.1447
112.608	17.5481
126.077	17.9524
144.748	18.3578
110.238	18.7642
117.495	19.1716
124.793	19.5801
101.364	19.9895
114.235	20.4
130.606	20.8115
119.083	21.2241
112.912	21.6377
138.943	22.0523
160.151	22.4679
142.669	22.8846
117.248	23.3023
120.786	23.7211
114.53	24.1409
121.307	24.5618
138.268	24.9837
154.08	25.4067
126.863	25.8308
93.4448	26.2559
86.3965	26.682
84.3142	27.1093
96.3141	27.5376
96.3421	27.967
67.006	28.3974
53.4566	28.829
65.8236	29.2616
95.6795	29.6953
71.8095	30.13
57.9364	30.5659
50.9549	31.0029
60.7606	31.4409
66.5479	31.8801
69.8758	32.3203
47.5933	32.7617
54.9551	33.2041
60.4453	33.6477
49.6485	34.0924
44.9445	34.5381
35.3251	34.985
39.0482	35.4331
49.8092	35.8822
42.2656	36.3325
44.5737	36.7839
28.9749	37.2364
37.798	37.69
36.739	38.1448
37.7369	38.6008
44.5761	39.0578
39.876	39.516
43.9131	39.9754
35.107	40.4359
39.8178	40.8976
33.9508	41.3604
22.7959	41.8244
30.0484	42.2895
23.9961	42.7558
9.70352	43.2233
5.11515	43.6919
9.23826	44.1617
14.5641	44.6327
16.4465	45.1049
29.9079	45.5783
32.0553	46.0528
41.3149	46.5285
37.6272	47.0054
30.8807	47.4835
26.669	47.9628
12.4842	48.4434
10.8752	48.9251
9.09878	49.408
3.89541	49.8921
12.6306	50.3774
28.4687	50.864
20.172	51.3517
22.0092	51.8407
43.9555	52.3309
38.2573	52.8224
33.9536	53.3151
31.2591	53.809
18.3313	54.3041
17.1493	54.8005
18.3031	55.2981
7.97196	55.797
10.6708	56.2971
16.4921	56.7984
17.6863	57.3011
33.9594	57.8049
19.5587	58.3101
38.4174	58.8165
42.3169	59.3242
22.7423	59.8331
26.644	60.3433
6.92082	60.8548
17.2575	61.3676
9.413	61.8817
5.97574	62.397
5.62778	62.9136
13.1964	63.4316
23.5058	63.9508
31.9071	64.4713
32.3703	64.9931
35.5921	65.5163
31.4259	66.0407
27.6718	66.5665
11.2843	67.0935
12.2848	67.6219
10.5373	68.1517
11.3463	68.6827
14.009	69.2151
16.4981	69.7488
25.3699	70.2838
35.4108	70.8202
31.7668	71.3579
33.7693	71.897
28.7268	72.4374
27.985	72.9791
14.222	73.5223
8.10752	74.0668
2.5261	74.6126
16.4207	75.1598
18.2231	75.7084
9.58952	76.2583
16.2688	76.8097
24.1374	77.3624
30.5066	77.9165
27.7634	78.3319
