0.12288	0.287999
0.130167	0.576864
0.142776	0.866307
0.153015	1.15633
0.162696	1.44693
0.172038	1.73812
0.180835	2.02988
0.189193	2.32224
0.19711	2.61517
0.204601	2.9087
0.208651	3.20281
0.215097	3.49751
0.221156	3.7928
0.226836	4.08868
0.232146	4.38515
0.237096	4.68222
0.241693	4.97988
0.241635	5.27814
0.24541	5.57699
0.248866	5.87645
0.252011	6.1765
0.254851	6.47715
0.257395	6.77841
0.259648	7.08026
0.261617	7.38273
0.263308	7.6858
0.264728	7.98947
0.265883	8.29375
0.266779	8.59865
0.264583	8.90415
0.262419	9.21026
0.257293	9.51699
0.108952	9.82433
0.136695	10.1323
0.121169	10.4409
0.132779	10.75
0.13987	11.0599
0.148671	11.3703
0.156522	11.6813
0.164339	11.993
0.171688	12.3053
0.178616	12.6182
0.181679	12.9318
0.185157	13.246
0.159035	13.5608
0.182357	13.8762
0.184941	14.1923
0.192196	14.509
0.197053	14.8263
