0.144328	0.865725
0.170422	1.73753
0.198088	2.61458
0.215444	3.49691
0.232519	4.38455
0.24204	5.27753
0.252429	6.17588
0.260081	7.07965
0.265178	7.98885
0.267888	8.90352
0.261973	9.82369
0.113614	10.7494
0.148842	11.6807
0.144788	12.6176
0.169702	13.5601
0.191468	14.5083
0.207595	15.4622
0.216541	16.4219
0.210391	17.3873
0.208697	18.3585
0.196214	19.3356
0.207953	20.3185
0.194677	21.3074
0.170553	22.3022
0.184708	23.3031
0.174784	24.3099
0.156241	25.3228
0.168116	26.3418
0.158108	27.3669
0.159199	28.3982
0.148299	29.4357
0.144174	30.4794
0.137898	31.5294
0.140971	32.5858
0.139842	33.6485
0.125653	34.7176
0.106678	35.7931
0.090484	36.8751
0.100807	37.9636
0.0888811	39.0586
0.0747178	40.1603
0.0572534	41.2686
0.058067	42.3835
0.0566931	43.5052
0.0464168	44.6336
0.0413692	45.7688
0.0424533	46.9108
0.0342976	48.0597
0.0340024	49.2156
