144.043	0.359005
176.116	0.720352
183.458	1.0826
160.88	1.44576
207.12	1.80983
177.779	2.17481
205.408	2.5407
198.939	2.90751
209.547	3.27524
220.747	3.64388
222.231	4.01345
230.476	4.38395
231.646	4.75537
232.97	5.12772
236.457	5.501
240.512	5.87522
244.178	6.25038
246.582	6.62647
249.674	7.00351
251.22	7.38149
253.197	7.76041
254.288	8.14029
255.378	8.52111
255.895	8.90289
256.166	9.28562
243.634	9.66931
232.655	10.054
208.017	10.4396
127.935	10.8262
100.916	11.2137
103.299	11.6022
134.649	11.9917
147.982	12.3822
130.929	12.7736
128.662	13.166
144.249	13.5595
130.655	13.9538
150.327	14.3492
168.334	14.7456
167.968	15.1429
168.258	15.5413
173.906	15.9406
179.581	16.341
172.15	16.7423
167.292	17.1447
176.375	17.5481
172.392	17.9524
164.024	18.3578
172.669	18.7642
183.057	19.1716
178.456	19.5801
172.558	19.9895
159.429	20.4
156.266	20.8115
157.725	21.2241
167.47	21.6377
178.389	22.0523
188.075	22.4679
191.504	22.8846
192.478	23.3023
187.311	23.7211
176.604	24.1409
163.577	24.5618
156.179	24.9837
161.997	25.4067
176.082	25.8308
177.324	26.2559
170.403	26.682
156.493	27.1093
154.461	27.5376
160.255	27.967
156.229	28.3974
151.345	28.829
144.483	29.2616
138.319	29.6953
124.843	30.13
111.174	30.5659
102.236	31.0029
95.7433	31.4409
85.6825	31.8801
77.9112	32.3203
72.0949	32.7617
65.3695	33.2041
61.167	33.6477
59.3295	34.0924
59.6511	34.5381
57.1036	34.985
54.4016	35.4331
53.586	35.8822
53.6887	36.3325
48.1126	36.7839
44.8231	37.2364
45.1871	37.69
44.5835	38.1448
45.3567	38.6008
44.9642	39.0578
46.6288	39.516
49.7685	39.9754
49.3455	40.4359
47.3244	40.8976
47.9255	41.3604
48.9845	41.8244
47.6401	42.2895
47.2628	42.7558
46.4106	43.2233
46.6695	43.6919
48.1182	44.1617
44.624	44.6327
43.9307	45.1049
42.8598	45.5783
45.2311	46.0528
44.0443	46.5285
40.5559	47.0054
41.7551	47.4835
42.328	47.9628
42.6212	48.4434
42.3896	48.9251
42.5573	49.408
42.8632	49.8921
44.3463	50.3774
45.8077	50.864
45.4622	51.3517
45.9625	51.8407
42.9959	52.3309
42.1978	52.8224
43.5378	53.3151
45.2317	53.809
46.281	54.3041
42.4238	54.8005
41.0481	55.2981
41.96	55.797
44.9521	56.2971
45.8058	56.7984
43.8051	57.3011
39.9827	57.8049
40.4215	58.3101
41.6753	58.8165
41.6698	59.3242
39.232	59.8331
37.5508	60.3433
39.254	60.8548
40.9176	61.3676
41.5693	61.8817
37.6552	62.397
37.4049	62.9136
38.6521	63.4316
40.834	63.9508
40.8722	64.4713
38.228	64.9931
39.8916	65.5163
40.5927	66.0407
40.4006	66.5665
40.2018	67.0935
39.6208	67.6219
41.0373	68.1517
41.8113	68.6827
42.7351	69.2151
43.775	69.7488
43.409	70.2838
36.534	70.8202
34.8944	71.3579
31.5509	71.897
32.7474	72.4374
27.1992	72.9791
28.8002	73.5223
27.7177	74.0668
28.1186	74.6126
26.2114	75.1598
27.7344	75.7084
27.1108	76.2583
27.1857	76.8097
28.3092	77.3624
26.003	77.9165
27.7743	78.472
25.4347	79.0288
26.6525	79.5871
23.9347	80.1468
25.7379	80.7078
21.2768	81.2703
24.7994	81.8342
22.7757	82.3995
23.7579	82.9662
21.9379	83.5343
23.0706	84.1038
22.3857	84.6748
22.7154	85.2472
22.7747	85.821
23.4939	86.3963
23.1296	86.973
22.7149	87.5512
22.6962	88.1308
22.5736	88.7118
22.7618	89.2943
22.9076	89.8783
22.9388	90.4637
22.7662	91.0506
22.7011	91.639
22.6471	92.2288
22.5905	92.8201
