133.922	0.0717298
157.414	0.143784
156.229	0.215873
123.632	0.287999
163.274	0.360161
130.151	0.432359
151.016	0.504594
142.338	0.576864
142.257	0.64917
150.385	0.721513
147.373	0.793892
154.081	0.866307
153.432	0.938758
155.953	1.01125
158.822	1.08377
160.029	1.15633
163.229	1.22893
164.56	1.30156
166.846	1.37423
168.669	1.44693
170.633	1.51967
172.781	1.59245
174.514	1.66527
176.518	1.73812
178.292	1.811
180.163	1.88393
182.007	1.95689
183.802	2.02988
185.604	2.10292
187.339	2.17599
189.085	2.24909
190.793	2.32224
192.481	2.39542
194.146	2.46863
195.783	2.54188
197.402	2.61517
198.994	2.6885
200.567	2.76186
202.116	2.83526
203.642	2.9087
205.146	2.98217
206.627	3.05568
208.086	3.12922
209.523	3.20281
209.746	3.27643
211.115	3.35008
212.461	3.42378
213.787	3.49751
215.092	3.57127
216.375	3.64508
217.638	3.71892
218.88	3.7928
220.102	3.86671
221.303	3.94066
222.484	4.01465
223.644	4.08868
224.784	4.16274
225.905	4.23684
227.006	4.31098
228.087	4.38515
229.148	4.45936
230.19	4.53361
231.212	4.6079
232.215	4.68222
233.199	4.75658
234.165	4.83098
235.111	4.90541
236.038	4.97988
236.947	5.05439
232.839	5.12893
233.699	5.20352
234.541	5.27814
235.365	5.3528
236.171	5.42749
236.959	5.50222
237.73	5.57699
238.484	5.6518
239.22	5.72664
239.939	5.80153
240.64	5.87645
241.325	5.9514
241.993	6.0264
242.643	6.10143
243.278	6.1765
243.895	6.25161
244.496	6.32675
245.08	6.40193
245.649	6.47715
246.201	6.55241
246.736	6.6277
247.256	6.70304
247.76	6.77841
248.248	6.85381
248.72	6.92926
249.177	7.00474
249.618	7.08026
250.043	7.15582
250.454	7.23142
250.848	7.30706
251.228	7.38273
251.593	7.45844
251.942	7.53419
252.277	7.60997
252.597	7.6858
252.902	7.76166
253.193	7.83756
253.469	7.91349
253.73	7.98947
253.977	8.06548
254.21	8.14154
254.429	8.21763
254.633	8.29375
254.824	8.36992
255	8.44612
255.163	8.52237
255.311	8.59865
255.446	8.67496
255.568	8.75132
255.676	8.82771
255.77	8.90415
255.851	8.98062
255.917	9.05713
255.81	9.13368
232.613	9.21026
244.086	9.28689
241.198	9.36355
230.742	9.44025
228.644	9.51699
223.837	9.59377
213.948	9.67058
157.535	9.74744
97.7145	9.82433
97.1121	9.90126
128.423	9.97823
127.009	10.0552
110.939	10.1323
102.054	10.2094
113.466	10.2865
115.976	10.3637
120.273	10.4409
127.097	10.5181
132.543	10.5954
133.049	10.6727
132.73	10.75
133.579	10.8274
135.281	10.9049
136.562	10.9823
138.038	11.0599
139.77	11.1374
140.764	11.215
141.901	11.2926
143.284	11.3703
144.313	11.448
145.119	11.5257
145.587	11.6035
145.184	11.6813
143.375	11.7592
141.863	11.8371
143.857	11.915
145.444	11.993
146.76	12.071
147.917	12.1491
149.351	12.2272
150.708	12.3053
151.73	12.3835
152.301	12.4617
151.088	12.5399
146.188	12.6182
142.209	12.6966
142.971	12.7749
140.322	12.8533
134.352	12.9318
134.728	13.0103
142.615	13.0888
147.033	13.1674
147.818	13.246
148.859	13.3246
149.748	13.4033
150.664	13.482
151.409	13.5608
152.621	13.6396
153.929	13.7184
155.172	13.7973
156.357	13.8762
157.501	13.9552
158.554	14.0342
159.549	14.1132
160.557	14.1923
161.58	14.2714
162.597	14.3505
163.578	14.4297
164.544	14.509
165.474	14.5882
166.36	14.6676
167.185	14.7469
167.939	14.8263
168.601	14.9057
169.134	14.9852
169.471	15.0647
