132.089	0.0717298
175.713	0.143784
170.611	0.215873
24.372	0.287999
215.433	0.360161
60.1678	0.432359
161.025	0.504594
219.446	0.576864
112.761	0.64917
197.515	0.721513
107.979	0.793892
69.0089	0.866307
205.687	0.938758
111.668	1.01125
221.756	1.08377
128.339	1.15633
130.593	1.22893
178.404	1.30156
120.383	1.37423
194.632	1.44693
196.183	1.51967
106.064	1.59245
188.064	1.66527
99.654	1.73812
173.052	1.811
194.682	1.88393
155.256	1.95689
208.778	2.02988
147.206	2.10292
150.661	2.17599
178.662	2.24909
135.496	2.32224
212.296	2.39542
187.189	2.46863
188.691	2.54188
203.456	2.61517
124.069	2.6885
191.45	2.76186
181.307	2.83526
190.427	2.9087
222.545	2.98217
168.882	3.05568
213.928	3.12922
176.151	3.20281
169.663	3.27643
200.471	3.35008
183.846	3.42378
204.621	3.49751
220.409	3.57127
204.905	3.64508
233.29	3.71892
178.947	3.7928
214.058	3.86671
199.308	3.94066
205.867	4.01465
230.349	4.08868
217.463	4.16274
228.839	4.23684
212.313	4.31098
202.954	4.38515
217.673	4.45936
203.155	4.53361
227.011	4.6079
226.69	4.68222
208.282	4.75658
233.109	4.83098
207.754	4.90541
243.841	4.97988
221.059	5.05439
220.993	5.12893
222.717	5.20352
221.835	5.27814
229.683	5.3528
219.013	5.42749
227.02	5.50222
236.541	5.57699
214.064	5.6518
236.882	5.72664
227.063	5.80153
237.35	5.87645
219.439	5.9514
231.892	6.0264
219.562	6.10143
236.223	6.1765
238.05	6.25161
240.555	6.32675
240.138	6.40193
227.507	6.47715
196.49	6.55241
220.012	6.6277
166.772	6.70304
222.222	6.77841
158.38	6.85381
208.345	6.92926
194.626	7.00474
164.558	7.08026
129.711	7.15582
144.452	7.23142
146.515	7.30706
181.766	7.38273
172.146	7.45844
185.154	7.53419
169.829	7.60997
155.114	7.6858
161.792	7.76166
155.976	7.83756
182.421	7.91349
193.49	7.98947
192.326	8.06548
186.194	8.14154
183.534	8.21763
152.69	8.29375
168.309	8.36992
169.649	8.44612
192.173	8.52237
211.061	8.59865
183.309	8.67496
210.804	8.75132
185.15	8.82771
197.423	8.90415
179.122	8.98062
187.056	9.05713
187.984	9.13368
203.195	9.21026
204.19	9.28689
211.01	9.36355
214.825	9.44025
204.918	9.51699
196.705	9.59377
195.136	9.67058
210.379	9.74744
211.503	9.82433
207.001	9.90126
214.684	9.97823
218.317	10.0552
216.335	10.1323
210.461	10.2094
197.72	10.2865
173.062	10.3637
193.105	10.4409
199.379	10.5181
215.7	10.5954
215.239	10.6727
162.28	10.75
184.424	10.8274
184.081	10.9049
192.696	10.9823
191.178	11.0599
196.737	11.1374
211.273	11.215
179.977	11.2926
172.446	11.3703
177.767	11.448
197.024	11.5257
181.554	11.6035
146.882	11.6813
189.71	11.7592
152.585	11.8371
129.731	11.915
131.104	11.993
147.696	12.071
151.772	12.1491
146.653	12.2272
136.628	12.3053
139.611	12.3835
133.118	12.4617
133.984	12.5399
149.651	12.6182
163.09	12.6966
145.57	12.7749
171.873	12.8533
156.937	12.9318
158.322	13.0103
136.358	13.0888
137.11	13.1674
163.392	13.246
166.982	13.3246
161.327	13.4033
169.838	13.482
160.867	13.5608
131.418	13.6396
141.694	13.7184
126.492	13.7973
119.655	13.8762
150.197	13.9552
122.415	14.0342
86.4836	14.1132
67.4435	14.1923
83.9757	14.2714
78.4214	14.3505
101.919	14.4297
69.8728	14.509
92.518	14.5882
79.9608	14.6676
93.8696	14.7469
96.6105	14.8263
96.1876	14.9057
102.514	14.9852
89.2597	15.0647
