139.039	0.215296
167.013	0.431781
170.407	0.64859
143.343	0.865725
186.922	1.08319
156.095	1.30097
180.925	1.51909
173.59	1.73753
180.337	1.9563
191.221	2.1754
191.439	2.39482
200.796	2.61458
201.314	2.83467
207.2	3.05508
210.089	3.27583
213.624	3.49691
218.17	3.71832
220.852	3.94006
224.883	4.16214
227.996	4.38455
231.345	4.60729
234.197	4.83037
236.976	5.05378
234.622	5.27753
237.001	5.50161
239.325	5.72603
241.382	5.95079
243.352	6.17588
245.147	6.40132
246.801	6.62709
248.318	6.8532
249.681	7.07965
250.922	7.30643
252.012	7.53356
252.977	7.76103
253.803	7.98885
254.504	8.217
255.076	8.4455
255.523	8.67434
255.847	8.90352
256.052	9.13304
256.084	9.36292
233.357	9.59313
232.564	9.82369
220.097	10.0546
134.833	10.2859
81.08	10.5175
105.99	10.7494
157.431	10.9817
149.454	11.2144
129.727	11.4473
133.71	11.6807
143.635	11.9144
142.269	12.1484
130.417	12.3828
131.063	12.6176
131.681	12.8527
137.185	13.0881
157.291	13.3239
177.175	13.5601
194.938	13.7966
187.653	14.0335
185.671	14.2707
181.844	14.5083
182.202	14.7462
177.444	14.9845
163.726	15.2232
141.249	15.4622
130.933	15.7016
143.485	15.9413
157.633	16.1814
172.133	16.4219
168.479	16.6627
167.982	16.9038
170.052	17.1454
175.112	17.3873
175.712	17.6295
178.528	17.8722
183.068	18.1152
187.453	18.3585
190.173	18.6022
191.983	18.8463
194.53	19.0908
195.702	19.3356
193.4	19.5808
186.577	19.8263
180.21	20.0723
180.607	20.3185
172.526	20.5652
158.461	20.8122
150.51	21.0596
147.732	21.3074
154.699	21.5556
150.269	21.8041
136.744	22.053
122.161	22.3022
99.3774	22.5519
87.7084	22.8019
95.604	23.0523
96.848	23.3031
81.9246	23.5542
69.0992	23.8057
70.8451	24.0576
75.7808	24.3099
72.0034	24.5625
63.9592	24.8156
62.0744	25.069
66.6507	25.3228
68.5596	25.577
65.0075	25.8315
58.6563	26.0864
59.4312	26.3418
58.6141	26.5975
54.3068	26.8536
48.774	27.11
45.7764	27.3669
47.1284	27.6241
47.7249	27.8818
48.4316	28.1398
50.2248	28.3982
50.8925	28.657
49.9995	28.9161
47.1215	29.1757
42.9356	29.4357
40.3124	29.696
37.6342	29.9568
36.0365	30.2179
31.3828	30.4794
25.0103	30.7413
22.1299	31.0036
21.8568	31.2663
21.5567	31.5294
19.7886	31.7929
19.325	32.0568
19.7277	32.3211
19.4535	32.5858
19.4578	32.8508
19.8149	33.1163
20.1087	33.3822
20.4315	33.6485
20.3024	33.9151
20.3876	34.1822
20.5068	34.4497
20.4815	34.7176
20.3728	34.9858
20.1556	35.2545
20.2034	35.5236
19.8765	35.7931
19.2582	36.063
19.3289	36.3333
19.035	36.604
19.0045	36.8751
19.4558	37.1466
18.9926	37.4185
18.7273	37.6908
18.7375	37.9636
18.7092	38.2367
18.7343	38.5103
18.9666	38.7843
19.1993	39.0586
19.0258	39.3334
18.5123	39.6086
18.3533	39.8843
18.2907	40.1603
18.2549	40.4367
18.4463	40.7136
18.4262	40.9909
18.5143	41.2686
18.6599	41.5467
18.5384	41.8252
18.5661	42.1042
18.8148	42.3835
19.0252	42.6633
19.4879	42.9435
19.791	43.2241
19.7798	43.5052
19.5325	43.7867
19.8012	44.0685
19.4843	44.3509
19.2249	44.6336
19.0638	44.9168
18.7401	45.2003
18.6972	45.4844
18.6693	45.7688
18.6415	46.0537
18.5251	46.339
18.5309	46.6247
18.6513	46.9108
18.9227	47.1974
18.9456	47.4844
19.0243	47.7719
19.1749	48.0597
19.2052	48.348
19.1436	48.6368
18.7867	48.9259
18.5676	49.2156
18.2821	49.5056
18.3579	49.7961
18.6438	50.087
