0.164309	1.44576
0.204912	2.90751
0.23324	4.38395
0.249572	5.87522
0.262471	7.38149
0.268345	8.90289
0.250082	10.4396
0.11144	11.9917
0.169736	13.5595
0.193679	15.1429
0.219286	16.7423
0.233641	18.3578
0.179769	19.9895
0.185425	21.6377
0.189865	23.3023
0.185791	24.9837
0.16566	26.682
0.165251	28.3974
0.14287	30.13
0.13225	31.8801
0.154803	33.6477
0.126252	35.4331
0.135104	37.2364
0.144706	39.0578
0.152382	40.8976
0.112566	42.7558
0.126646	44.6327
0.132447	46.5285
0.147217	48.4434
0.147392	50.3774
0.142969	52.3309
0.13998	54.3041
0.141264	56.2971
0.14226	58.3101
0.119094	60.3433
0.12478	62.397
0.136023	64.4713
0.138157	66.5665
0.140875	68.6827
0.134016	70.8202
0.126407	72.9791
0.143871	75.1598
0.122132	77.3624
0.142718	79.5871
0.140334	81.8342
0.114762	84.1038
0.130749	86.3963
0.137668	88.7118
0.140473	91.0506
