0.0833829	0.403999
0.104988	0.809212
0.109474	1.21524
0.117737	1.62207
0.124811	2.02972
0.131775	2.43819
0.138365	2.84748
0.144616	3.25758
0.150535	3.66851
0.15613	4.08025
0.161408	4.49283
0.166376	4.90623
0.167584	5.32045
0.168251	5.73551
0.172102	6.15139
0.175686	6.56811
0.17901	6.98567
0.182079	7.40405
0.184901	7.82328
0.187479	8.24335
0.189821	8.66425
0.191931	9.086
0.193815	9.5086
0.195477	9.93204
0.196924	10.3563
0.198159	10.7815
0.199187	11.2075
0.200014	11.6343
0.200643	12.062
0.201079	12.4905
0.201319	12.92
0.19569	13.3502
0.173866	13.7814
0.0695315	14.2133
0.102718	14.6462
0.102775	15.0799
0.0998393	15.5145
0.108688	15.95
0.1157	16.3863
0.120833	16.8235
0.126919	17.2616
0.13247	17.7006
0.137665	18.1404
0.142652	18.5811
0.147273	19.0227
0.151331	19.4652
0.155177	19.9086
0.158787	20.3529
0.162165	20.798
