0.760602	31.6222
0.730183	70.2797
1.32996	117.495
0.520091	175.163
0.305689	245.598
0.204658	331.625
0.127104	436.696
0.0766682	565.029
0.0274247	721.771
0.0111897	913.213
0.00823438	1147.04
0.00675092	1432.62
0.000149162	1781.43
-0.00322463	2207.46
0.00148743	2727.8
0.000148148	3363.33
3.20598e-05	4139.55
-0.00228275	5087.62
2.63416e-05	6245.56
-0.00101778	7659.85
0.000181058	9387.24
-0.000823401	11497
0.000488631	14073.9
-8.15037e-05	17221.2
0.00021264	21065.2
-0.000526234	25760.3
6.324e-05	31494.7
-9.32404e-05	38498.6
-6.54692e-05	47053
0.000152752	57501.2
-2.36789e-05	70262.4
0.000132067	85848.6
-7.50582e-05	104885
-4.09335e-05	128136
-1.16189e-05	156534
2.31503e-05	191219
1.03427e-05	233583
2.04813e-06	285325
2.14939e-05	348521
-9.40512e-06	425708
-8.14022e-06	519982
3.54588e-06	635127
-2.57662e-06	775762
-1.00693e-07	947530
5.96855e-07	1.15732e+06
3.79587e-06	1.41356e+06
-9.50247e-08	1.72653e+06
-6.90438e-07	2.10877e+06
-7.93479e-08	2.57564e+06
-8.15646e-07	3.14586e+06
-7.88495e-07	3.84232e+06
2.43741e-07	4.69296e+06
-6.63993e-08	5.73191e+06
-8.75344e-07	7.00087e+06
1.04235e-07	8.55074e+06
-3.93786e-07	1.04437e+07
-1.43337e-08	1.27558e+07
6.56952e-08	1.55796e+07
-2.79308e-07	1.90287e+07
2.02531e-07	2.32412e+07
-3.14612e-07	2.83864e+07
2.47587e-08	3.46705e+07
4.36369e-08	4.23459e+07
-2.21919e-08	5.17204e+07
1.21497e-08	6.31702e+07
-1.03901e-07	7.71547e+07
-2.60251e-08	9.42351e+07
-2.73632e-08	1.15097e+08
6.55941e-09	1.40577e+08
2.28543e-08	1.71697e+08
1.59458e-08	2.09707e+08
1.24379e-08	2.56132e+08
7.77168e-09	3.12834e+08
-8.28889e-09	3.82089e+08
1.55483e-08	4.66675e+08
-7.76653e-09	5.69987e+08
-2.53597e-09	6.9617e+08
1.87534e-09	8.50287e+08
-2.20393e-09	1.03852e+09
-1.70838e-09	1.26843e+09
-1.27928e-09	1.54923e+09
1.07047e-09	1.8922e+09
1.74606e-09	2.31109e+09
-1.09887e-09	2.82271e+09
-7.1509e-10	3.4476e+09
3.83535e-11	4.21083e+09
-1.07203e-09	5.14301e+09
-3.19607e-10	6.28156e+09
2.19323e-11	7.67217e+09
-4.42125e-10	9.37062e+09
2.1566e-11	1.14451e+10
-3.34295e-10	1.39788e+10
6.69472e-11	1.70734e+10
-1.22746e-10	2.0853e+10
-2.04324e-10	2.54694e+10
-1.11118e-10	3.11078e+10
5.89395e-11	3.79944e+10
5.26851e-11	4.64056e+10
-2.01177e-11	5.66787e+10
