136.875	0.215296
184.868	0.431781
184.174	0.64859
45.2178	0.865725
246.408	1.08319
77.9937	1.30097
191.537	1.51909
226.238	1.73753
145.889	1.9563
235.12	2.1754
148.132	2.39482
146.042	2.61458
223.309	2.83467
129.942	3.05508
272.955	3.27583
182.521	3.49691
208.279	3.71832
238.907	3.94006
169.78	4.16214
245.219	4.38455
183.306	4.60729
220.644	4.83037
257.221	5.05378
189.465	5.27753
273.159	5.50161
198.977	5.72603
243.539	5.95079
219.95	6.17588
222.464	6.40132
229.584	6.62709
219.64	6.8532
233.113	7.07965
257.036	7.30643
197.291	7.53356
204.586	7.76103
179.895	7.98885
127.521	8.217
157.064	8.4455
150.167	8.67434
162.846	8.90352
140.874	9.13304
138.778	9.36292
139.401	9.59313
157.579	9.82369
176.409	10.0546
191.204	10.2859
181.552	10.5175
179.997	10.7494
181.991	10.9817
184.853	11.2144
180.061	11.4473
197.554	11.6807
194.993	11.9144
199.424	12.1484
191.124	12.3828
190.759	12.6176
179.712	12.8527
154.164	13.0881
154.426	13.3239
191.797	13.5601
172.237	13.7966
155.579	14.0335
155.764	14.2707
131.689	14.5083
129.89	14.7462
129.488	14.9845
149.697	15.2232
142.628	15.4622
147.107	15.7016
159.721	15.9413
160.085	16.1814
170.516	16.4219
145.751	16.6627
153.143	16.9038
160.599	17.1454
177.663	17.3873
177.261	17.6295
165.312	17.8722
154.609	18.1152
152.513	18.3585
137.539	18.6022
142.125	18.8463
137.177	19.0908
131.759	19.3356
130.525	19.5808
160.464	19.8263
132.459	20.0723
119.674	20.3185
96.3683	20.5652
105.634	20.8122
120.603	21.0596
104.052	21.3074
118.669	21.5556
102.52	21.8041
99.7072	22.053
71.794	22.3022
88.7038	22.5519
94.9739	22.8019
108.119	23.0523
101.833	23.3031
99.245	23.5542
69.8407	23.8057
78.2339	24.0576
89.549	24.3099
89.3123	24.5625
81.4949	24.8156
66.7273	25.069
62.7556	25.3228
69.4725	25.577
57.4194	25.8315
74.4842	26.0864
79.8499	26.3418
72.3838	26.5975
68.8562	26.8536
44.9813	27.11
55.5243	27.3669
76.6694	27.6241
77.9284	27.8818
74.4	28.1398
56.4511	28.3982
54.4983	28.657
48.781	28.9161
56.8408	29.1757
60.5482	29.4357
60.9061	29.696
43.4434	29.9568
41.1689	30.2179
36.8402	30.4794
50.7336	30.7413
62.8748	31.0036
66.9273	31.2663
46.6672	31.5294
57.3231	31.7929
41.6413	32.0568
52.2988	32.3211
45.4267	32.5858
44.9643	32.8508
51.0415	33.1163
33.1697	33.3822
35.5012	33.6485
29.626	33.9151
44.8652	34.1822
43.6626	34.4497
30.5582	34.7176
24.0154	34.9858
21.6435	35.2545
34.0264	35.5236
35.1592	35.7931
35.065	36.063
28.8098	36.3333
40.9632	36.604
18.252	36.8751
20.3436	37.1466
21.1447	37.4185
19.586	37.6908
15.1669	37.9636
13.4316	38.2367
6.1707	38.5103
23.3096	38.7843
24.3021	39.0586
35.4376	39.3334
28.2407	39.6086
19.9001	39.8843
14.0717	40.1603
24.5982	40.4367
6.68419	40.7136
7.5015	40.9909
19.0256	41.2686
15.3355	41.5467
9.7293	41.8252
16.951	42.1042
20.8642	42.3835
24.5449	42.6633
18.6341	42.9435
16.8423	43.2241
13.4865	43.5052
4.53753	43.7867
9.41615	44.0685
14.7997	44.3509
13.6443	44.6336
14.4011	44.9168
17.4521	45.2003
18.1126	45.4844
17.8099	45.7688
26.1601	46.0537
10.7512	46.339
15.4272	46.6247
7.21283	46.9108
15.9419	47.1974
17.419	47.4844
9.0689	47.7719
9.05393	48.0597
10.4444	48.348
22.5505	48.6368
18.5322	48.9259
25.5128	49.2156
4.89621	49.5056
14.6592	49.7961
14.2705	50.087
