0.147743	909.422
0.019114	7617.89
0.000934082	57088.2
0.000136338	421898
2.35609e-05	3.11212e+06
6.37259e-06	2.29506e+07
1.25192e-06	1.69246e+08
1.5131e-07	1.24807e+09
2.07547e-08	9.20369e+09
-1.85578e-10	6.78709e+10
0	5.00501e+11
0	3.69085e+12
0	2.72175e+13
0	2.0071e+14
0	1.4801e+15
0	1.09147e+16
0	8.04886e+16
0	5.93548e+17
0	4.37701e+18
0	3.22774e+19
0	2.38024e+20
0	1.75526e+21
0	1.29439e+22
0	9.5452e+22
0	7.03893e+23
0	5.19073e+24
0	3.8278e+25
0	2.82274e+26
0	2.08158e+27
0	1.53502e+28
0	1.13197e+29
0	8.34752e+29
0	6.15572e+30
0	4.53942e+31
0	3.34751e+32
0	2.46856e+33
0	1.82039e+34
0	1.34241e+35
0	9.89938e+35
0	7.30011e+36
0	5.38333e+37
0	3.96984e+38
0	2.92748e+39
0	2.15882e+40
0	1.59198e+41
0	1.17397e+42
0	8.65726e+42
0	6.38413e+43
0	4.70786e+44
0	3.47172e+45
0	2.56016e+46
0	1.88794e+47
0	1.39223e+48
0	1.02667e+49
0	7.57099e+49
0	5.58308e+50
0	4.11714e+51
0	3.03611e+52
0	2.23892e+53
0	1.65105e+54
0	1.21754e+55
0	8.97849e+55
0	6.62102e+56
0	4.88255e+57
0	3.60054e+58
0	2.65515e+59
0	1.95799e+60
0	1.44388e+61
0	1.06477e+62
0	7.85191e+62
0	5.79025e+63
0	4.26991e+64
0	3.14876e+65
0	2.322e+66
0	1.71231e+67
0	1.26271e+68
0	9.31164e+68
0	6.86669e+69
0	5.06372e+70
0	3.73414e+71
0	2.75367e+72
0	2.03064e+73
0	1.49746e+74
0	1.10427e+75
0	8.14326e+75
0	6.0051e+76
0	4.42835e+77
0	3.2656e+78
0	2.40816e+79
0	1.77585e+80
0	1.30957e+81
0	9.65715e+81
0	7.12149e+82
0	5.25161e+83
0	3.8727e+84
0	2.85585e+85
0	2.10599e+86
0	1.55302e+87
0	1.14525e+88
