0.171089	1.44576
0.173323	2.90751
0.172758	4.38395
0.180761	5.87522
0.216165	7.38149
0.241955	8.90289
0.101243	10.4396
0.176789	11.9917
0.159079	13.5595
0.131355	15.1429
0.160836	16.7423
0.150824	18.3578
0.157003	19.9895
0.124941	21.6377
0.133194	23.3023
0.137721	24.9837
0.140743	26.682
0.122864	28.3974
0.116322	30.13
0.107439	31.8801
0.164548	33.6477
0.126822	35.4331
0.16345	37.2364
0.146362	39.0578
0.12286	40.8976
0.117491	42.7558
0.12605	44.6327
0.130884	46.5285
0.126563	48.4434
0.132592	50.3774
0.0792076	52.3309
0.139122	54.3041
0.0763157	56.2971
0.123143	58.3101
0.0921231	60.3433
0.11097	62.397
0.0564127	64.4713
0.0682395	66.5665
0.0616714	68.6827
0.0744555	70.8202
0.0640666	72.9791
0.0502357	75.1598
0.0458334	77.3624
0.0505416	79.5871
0.0545043	81.8342
0.0323885	84.1038
0.054296	86.3963
0.0481269	88.7118
0.0553406	91.0506
