0.114508	2.02808
0.160426	4.07859
0.172239	6.1497
0.18823	8.24163
0.19769	10.3546
0.201888	12.4888
0.192496	14.6444
0.126915	16.8217
0.115331	19.0209
0.128306	21.2422
0.141349	23.4858
0.146085	25.7519
0.145044	28.0409
0.112123	30.3528
0.136358	32.688
0.126608	35.0466
0.120431	37.429
0.127801	39.8353
0.121857	42.2657
0.121756	44.7206
0.130567	47.2002
0.0980926	49.7047
0.11963	52.2344
0.118267	54.7895
0.118	57.3702
0.085322	59.9769
0.0941872	62.6098
0.109966	65.2692
0.111634	67.9553
0.105693	70.6683
0.0938146	73.4087
0.0894332	76.1766
0.0802104	78.9723
0.0805768	81.7961
0.0732494	84.6483
0.0922896	87.5291
0.0916602	90.4389
0.0890961	93.378
0.0862104	96.3466
0.0612948	99.345
0.0850696	102.374
0.0945283	105.433
0.0951386	108.522
0.0804027	111.643
0.0755042	114.795
0.0957374	117.979
0.0902521	121.195
0.0913826	124.443
0.0703956	127.724
