-3342.2
-3327.17
-3316.52
-3307.34
-3295.31
-3281.89
-3270.04
-3261.28
-3254.87
-3250.1
-3244.4
-3244.35
-3244.04
-3244.07
-3244.03
-3243.89
-3243.88
-3243.97
-3243.97
-3243.93
-3243.93
-3243.99
-3243.97
-3244.06
-3244.03
-3244.07
-3244.13
-3244.07
-3244.15
-3244.14
-3243.99
-3243.85
-3243.86
-3243.93
-3243.92
-3243.91
-3244.04
-3244.14
-3244.15
-3244.14
-3244.09
-3243.97
-3243.91
-3243.88
-3243.84
-3243.87
-3243.93
-3244
-3244.09
-3244.15
-3244.12
-3244.07
-3244
-3243.93
-3243.89
-3243.85
-3243.88
-3243.92
-3243.99
-3244.05
-3244.1
-3244.11
-3244.07
-3244.01
-3243.97
-3243.92
-3243.9
-3243.9
-3243.93
-3243.99
-3244.03
-3244.07
-3244.08
-3244.03
-3244.01
-3243.98
-3243.93
-3243.91
-3243.92
-3243.93
-3243.97
-3244.01
-3244.05
-3244.07
-3244.05
-3244.03
-3244
-3243.96
-3243.95
-3243.93
-3243.95
-3243.98
-3244
-3244
-3244.02
-3244.03
-3244.02
-3244
-3243.99
-3243.98
