-3241.59
-3241.59
-3241.57
-3241.59
-3241.62
-3241.62
-3241.62
-3241.63
-3241.63
-3241.62
-3239.23
-3239.21
-3239.22
-3239.19
-3239.19
-3239.19
-3239.2
-3239.19
-3239.23
-3239.23
-3236.84
-3236.83
-3236.83
-3236.83
-3236.82
-3236.82
-3236.8
-3236.82
-3236.81
-3236.81
-3234.44
-3234.46
-3234.44
-3234.46
-3234.45
-3234.44
-3234.43
-3234.42
-3234.43
-3234.43
-3232.03
-3232.05
-3232.05
-3232.05
-3232.06
-3232.06
-3232.06
-3232.04
-3232.03
-3232.02
-3229.63
-3229.64
-3229.65
-3229.65
-3229.64
-3229.65
-3229.65
-3229.64
-3229.65
-3229.65
-3227.26
-3227.25
-3227.24
-3227.26
-3227.26
-3227.28
-3227.27
-3227.29
-3227.28
-3227.27
-3224.88
-3224.87
-3224.87
-3224.87
-3224.85
-3224.86
-3224.87
-3224.87
-3224.86
-3224.88
-3222.48
-3222.48
-3222.49
-3222.47
-3222.46
-3222.46
-3222.47
-3222.48
-3222.49
-3222.5
-3220.13
-3220.13
-3220.12
-3220.1
-3220.08
-3220.08
-3220.06
-3220.05
-3220.08
-3220.09
-3217.72
-3217.74
-3217.76
-3217.72
-3217.71
-3217.72
-3217.68
-3217.68
-3217.68
-3217.69
-3215.31
-3215.32
-3215.34
-3215.33
-3215.33
-3215.34
-3215.34
-3215.3
-3215.3
-3215.31
-3212.91
-3212.92
-3212.93
-3212.92
-3212.94
-3212.94
-3212.96
-3212.95
-3212.94
-3212.94
-3210.53
-3210.53
-3210.49
-3210.5
-3210.5
-3210.53
-3210.54
-3210.54
-3210.56
-3210.56
-3208.17
-3208.15
-3208.14
-3208.13
-3208.12
-3208.12
-3208.14
-3208.14
-3208.15
-3208.13
-3205.75
-3205.77
-3205.76
-3205.75
-3205.74
-3205.76
-3205.74
-3205.73
-3205.73
-3205.72
-3203.34
-3203.35
-3203.37
-3203.38
-3203.36
-3203.36
-3203.36
-3203.33
-3203.32
-3203.35
-3200.96
-3200.97
-3200.97
-3200.96
-3200.96
-3200.98
-3200.98
-3200.98
-3200.98
-3200.96
-3198.58
-3198.56
-3198.56
-3198.54
-3198.54
-3198.54
-3198.57
-3198.55
-3198.59
-3198.6
-3196.22
-3196.21
-3196.21
-3196.2
-3196.18
-3196.16
-3196.18
-3196.17
-3196.17
-3196.17
-3193.79
-3193.8
-3193.8
-3193.8
-3193.79
-3193.81
-3193.79
-3193.79
-3193.78
-3193.79
-3191.4
-3191.4
-3191.42
-3191.41
-3191.39
-3191.39
-3191.39
-3191.42
-3191.41
-3191.4
-3189.02
-3189.01
-3188.98
-3188.98
-3188.98
-3189
-3189.01
-3189.01
-3189.03
-3189.04
-3186.67
-3186.65
-3186.64
-3186.62
-3186.61
-3186.59
-3186.59
-3186.58
-3186.59
-3186.59
-3184.23
-3184.24
-3184.27
-3184.27
-3184.27
-3184.25
-3184.24
-3184.22
-3184.21
-3184.21
-3181.82
-3181.83
-3181.84
-3181.83
-3181.86
-3181.85
-3181.86
-3181.85
-3181.84
-3181.81
-3179.43
-3179.42
-3179.43
-3179.44
-3179.44
-3179.44
-3179.47
-3179.45
-3179.44
-3179.45
-3177.05
-3177.05
-3177.05
-3177.06
-3177.03
-3177.04
-3177.05
-3177.07
-3177.05
-3177.06
-3174.65
-3174.66
-3174.65
-3174.66
-3174.67
-3174.67
-3174.65
-3174.67
-3174.67
-3174.66
-3172.25
-3172.25
-3172.25
-3172.25
-3172.26
-3172.25
-3172.24
-3172.24
-3172.27
-3172.25
-3169.86
-3169.86
-3169.87
-3169.86
-3169.85
-3169.85
-3169.84
-3169.85
-3169.88
-3169.87
-3167.49
-3167.5
-3167.49
-3167.48
-3167.49
-3167.47
-3167.44
-3167.44
-3167.46
-3167.47
-3165.08
-3165.09
-3165.12
-3165.1
-3165.11
-3165.09
-3165.08
-3165.06
-3165.06
-3165.04
-3162.66
-3162.68
-3162.69
-3162.7
-3162.7
-3162.71
-3162.72
-3162.69
-3162.69
-3162.68
-3160.27
-3160.28
-3160.28
-3160.3
-3160.31
-3160.31
-3160.33
-3160.31
-3160.31
-3160.31
-3157.91
-3157.88
-3157.89
-3157.89
-3157.89
-3157.91
-3157.9
-3157.9
-3157.89
-3157.91
-3155.52
-3155.52
-3155.52
-3155.51
-3155.5
-3155.48
-3155.48
-3155.48
-3155.48
-3155.51
-3153.13
-3153.14
-3153.15
-3153.14
-3153.12
-3153.12
-3153.13
-3153.11
-3153.09
-3153.08
-3150.74
-3150.74
-3150.75
-3150.74
-3150.71
-3150.72
-3150.69
-3150.69
-3150.68
-3150.7
-3148.32
-3148.33
-3148.34
-3148.36
-3148.36
-3148.32
-3148.29
-3148.31
-3148.3
-3148.31
-3145.91
-3145.9
-3145.91
-3145.9
-3145.93
-3145.94
-3145.93
-3145.93
-3145.94
-3145.93
-3143.55
-3143.56
-3143.54
-3143.53
-3143.51
-3143.52
-3143.54
-3143.54
-3143.53
-3143.51
-3141.14
-3141.16
-3141.16
-3141.13
-3141.13
-3141.15
-3141.15
-3141.12
-3141.11
-3141.11
-3138.72
-3138.74
-3138.75
-3138.74
-3138.74
-3138.76
-3138.77
-3138.77
-3138.77
-3138.72
-3136.33
-3136.32
-3136.31
-3136.31
-3136.3
-3136.31
-3136.32
-3136.32
-3136.33
-3136.35
-3133.98
-3133.98
-3133.98
-3133.96
-3133.94
-3133.92
-3133.93
-3133.92
-3133.91
-3133.92
-3131.55
-3131.56
-3131.55
-3131.57
-3131.58
-3131.56
-3131.53
-3131.52
-3131.51
-3131.53
-3129.15
-3129.16
-3129.14
-3129.14
-3129.15
-3129.15
-3129.17
-3129.16
-3129.19
-3129.18
-3126.79
-3126.77
-3126.75
-3126.73
-3126.74
-3126.75
-3126.73
-3126.73
-3126.72
-3126.73
-3124.36
-3124.36
-3124.36
-3124.35
-3124.33
-3124.34
-3124.32
-3124.32
-3124.3
-3124.33
-3121.96
-3121.98
-3121.98
-3121.98
-3121.98
-3121.96
-3121.95
-3121.95
-3121.92
-3121.91
-3119.52
-3119.54
-3119.57
-3119.58
-3119.57
-3119.57
-3119.56
-3119.56
-3119.54
-3119.51
-3117.12
-3117.12
-3117.14
-3117.15
-3117.16
-3117.17
-3117.17
-3117.19
-3117.18
-3117.17
-3114.77
-3114.75
-3114.74
-3114.71
-3114.73
-3114.75
-3114.75
-3114.77
-3114.77
-3114.8
-3112.4
-3112.38
-3112.36
-3112.37
-3112.37
-3112.34
-3112.34
-3112.33
-3112.33
-3112.33
-3109.96
-3109.96
-3109.96
-3109.98
-3109.98
-3109.98
-3109.98
-3109.97
-3109.96
-3109.94
-3107.55
-3107.55
-3107.55
-3107.55
-3107.56
-3107.56
-3107.56
-3107.54
-3107.53
-3107.53
-3105.16
-3105.16
-3105.13
-3105.12
-3105.13
-3105.13
-3105.14
-3105.15
-3105.15
-3105.14
-3102.76
-3102.77
-3102.76
-3102.77
-3102.77
-3102.76
-3102.75
-3102.71
-3102.72
-3102.73
-3100.36
-3100.36
-3100.38
-3100.37
-3100.36
-3100.35
-3100.36
-3100.36
-3100.35
-3100.34
-3097.94
-3097.94
-3097.95
-3097.94
-3097.93
-3097.93
-3097.94
-3097.95
-3097.95
-3097.96
-3095.57
-3095.55
-3095.55
-3095.53
-3095.53
-3095.52
-3095.52
-3095.53
-3095.55
-3095.57
-3093.17
-3093.19
-3093.19
-3093.18
-3093.16
-3093.14
-3093.15
-3093.17
-3093.14
-3093.13
-3090.75
-3090.75
-3090.77
-3090.78
-3090.77
-3090.78
-3090.74
-3090.73
-3090.72
-3090.72
-3088.36
-3088.37
-3088.36
-3088.36
-3088.34
-3088.36
-3088.37
-3088.36
-3088.36
-3088.36
-3085.94
-3085.92
-3085.93
-3085.94
-3085.94
-3085.96
-3085.97
-3085.98
-3086
-3085.99
-3083.58
-3083.56
-3083.55
-3083.54
-3083.57
-3083.56
-3083.58
-3083.58
-3083.55
-3083.58
-3081.2
-3081.21
-3081.19
-3081.18
-3081.17
-3081.16
-3081.15
-3081.16
-3081.17
-3081.14
-3078.77
-3078.79
-3078.76
-3078.78
-3078.79
-3078.81
-3078.81
-3078.82
-3078.79
-3078.8
-3076.41
-3076.41
-3076.4
-3076.41
-3076.39
-3076.4
-3076.39
-3076.36
-3076.37
-3076.37
-3073.99
-3073.99
-3074
-3073.99
-3073.98
-3073.98
-3073.99
-3073.99
-3073.96
-3073.99
-3071.59
-3071.56
-3071.58
-3071.57
-3071.57
-3071.58
-3071.6
-3071.61
-3071.6
-3071.6
-3069.21
-3069.2
-3069.17
-3069.16
-3069.16
-3069.17
-3069.18
-3069.18
-3069.19
-3069.22
-3066.83
-3066.83
-3066.83
-3066.81
-3066.79
-3066.8
-3066.78
-3066.77
-3066.77
-3066.78
-3064.4
-3064.43
-3064.43
-3064.42
-3064.45
-3064.42
-3064.43
-3064.43
-3064.4
-3064.4
-3062.02
-3062.02
-3062.01
-3062.02
-3062.03
-3062.03
-3062.01
-3062
-3062.01
-3061.98
-3059.6
-3059.6
-3059.6
-3059.59
-3059.59
-3059.61
-3059.64
-3059.64
-3059.65
-3059.67
-3057.25
-3057.24
-3057.23
-3057.23
-3057.22
-3057.2
-3057.2
-3057.22
-3057.24
-3057.23
-3054.88
-3054.86
-3054.85
-3054.86
-3054.85
-3054.85
-3054.83
-3054.84
-3054.85
-3054.83
-3052.45
-3052.46
-3052.46
-3052.45
-3052.44
-3052.43
-3052.41
-3052.42
-3052.41
-3052.41
-3050.03
-3050.04
-3050.03
-3050.03
-3050.08
-3050.08
-3050.08
-3050.05
-3050.05
-3050.03
-3047.64
-3047.64
-3047.67
-3047.67
-3047.67
-3047.65
-3047.65
-3047.68
-3047.66
-3047.68
-3045.28
-3045.27
-3045.28
-3045.26
-3045.26
-3045.24
-3045.25
-3045.26
-3045.24
-3045.25
-3042.87
-3042.87
-3042.9
-3042.89
-3042.86
-3042.87
-3042.88
-3042.88
-3042.87
-3042.88
-3040.49
-3040.51
-3040.5
-3040.48
-3040.48
-3040.48
-3040.5
-3040.5
-3040.5
-3040.5
-3038.09
-3038.07
-3038.07
-3038.08
-3038.07
-3038.06
-3038.05
-3038.07
-3038.06
-3038.07
-3035.7
-3035.7
-3035.7
-3035.71
-3035.72
-3035.69
-3035.67
-3035.68
-3035.68
-3035.67
-3033.28
-3033.25
-3033.26
-3033.25
-3033.27
-3033.26
-3033.27
-3033.29
-3033.3
-3033.33
-3030.93
-3030.93
-3030.91
-3030.89
-3030.88
-3030.87
-3030.89
-3030.9
-3030.89
-3030.88
-3028.5
-3028.48
-3028.48
-3028.5
-3028.5
-3028.51
-3028.51
-3028.5
-3028.52
-3028.52
-3026.13
-3026.14
-3026.14
-3026.17
-3026.16
-3026.15
-3026.14
-3026.13
-3026.1
-3026.09
-3023.71
-3023.73
-3023.73
-3023.74
-3023.72
-3023.73
-3023.73
-3023.74
-3023.74
-3023.74
-3021.35
-3021.34
-3021.34
-3021.34
-3021.33
-3021.33
-3021.35
-3021.34
-3021.32
-3021.34
-3018.96
-3018.93
-3018.94
-3018.95
-3018.93
-3018.95
-3018.94
-3018.94
-3018.91
-3018.94
-3016.55
-3016.54
-3016.55
-3016.55
-3016.53
-3016.52
-3016.52
-3016.55
-3016.56
-3016.55
-3014.19
-3014.19
-3014.18
-3014.16
-3014.15
-3014.17
-3014.17
-3014.15
-3014.15
-3014.13
-3011.75
-3011.75
-3011.75
-3011.75
-3011.72
-3011.74
-3011.75
-3011.76
-3011.75
-3011.8
-3009.41
-3009.39
-3009.39
-3009.38
-3009.39
-3009.37
-3009.35
-3009.35
-3009.35
-3009.37
-3006.98
-3006.96
-3006.97
-3006.95
-3006.98
-3006.99
-3007
-3007.01
-3007
-3006.99
-3004.62
-3004.6
-3004.6
-3004.57
-3004.58
-3004.58
-3004.57
-3004.59
-3004.6
-3004.59
-3002.2
-3002.21
-3002.23
-3002.25
-3002.22
-3002.22
-3002.21
-3002.21
-3002.22
-3002.18
-2999.78
-2999.76
-2999.75
-2999.73
-2999.75
-2999.75
-2999.76
-2999.76
-2999.77
-2999.79
-2997.39
-2997.39
-2997.41
-2997.39
-2997.41
-2997.41
-2997.42
-2997.4
-2997.4
-2997.4
-2995.01
-2995.01
-2995.01
-2995.03
-2995.03
-2995.03
-2995.02
-2994.99
-2994.98
-2994.99
-2992.59
-2992.59
-2992.61
-2992.6
-2992.58
-2992.59
-2992.61
-2992.62
-2992.61
-2992.57
-2990.21
-2990.19
-2990.19
-2990.18
-2990.19
-2990.2
-2990.2
-2990.22
-2990.22
-2990.21
-2987.82
-2987.84
-2987.84
-2987.83
-2987.83
-2987.82
-2987.83
-2987.85
-2987.83
-2987.83
-2985.44
-2985.46
-2985.48
-2985.5
-2985.5
-2985.48
-2985.49
-2985.45
-2985.44
-2985.42
-2983.02
-2983
-2983.02
-2983.01
-2983.03
-2983.03
-2983.03
-2983.03
-2983.04
-2983.03
-2980.62
-2980.62
-2980.61
-2980.61
-2980.61
-2980.6
-2980.6
-2980.62
-2980.61
-2980.64
-2978.27
-2978.27
-2978.25
-2978.22
-2978.24
-2978.22
-2978.23
-2978.22
-2978.22
-2978.23
-2975.86
-2975.84
-2975.84
-2975.85
-2975.85
-2975.88
-2975.89
-2975.86
-2975.86
-2975.87
-2973.48
-2973.48
-2973.47
-2973.49
-2973.49
-2973.47
-2973.48
-2973.46
-2973.45
-2973.46
-2971.08
-2971.08
-2971.08
-2971.06
-2971.06
-2971.05
-2971.05
-2971.04
-2971.02
-2971.03
-2968.68
-2968.67
-2968.66
-2968.66
-2968.67
-2968.69
-2968.71
-2968.69
-2968.68
-2968.67
