1.63437
292.17
317.507
315.996
181.651
223.599
300.382
366.041
518.496
457.667
518.802
616.479
671.797
443.738
586.403
599.461
511.531
351.307
398.613
287.303
400.403
461.466
667.601
597.029
478.773
406.233
604.545
665.935
546.487
530.683
416.557
401.61
462.205
486.564
522.214
498.812
519.978
555.899
552.82
563.625
531.618
507.047
468.95
456.027
430.789
469.775
484.201
536.449
543.173
549.771
561.524
536.895
539.278
519.504
444.21
456.631
468.553
492.286
511.676
537.502
541.353
538.08
530.386
552.836
513.922
486.085
459.805
466.956
473.978
501.697
541.395
538.925
538.732
548.233
521.839
527.243
486.661
473.19
462.945
487.684
509.472
525.011
518.222
543.193
542.595
505.364
526.305
516.579
491.107
494.51
490.496
481.502
520.673
514.219
525.22
512.636
523.043
521.101
500.846
530.347
