500.038
500.038
500.038
500.038
500.038
500.038
500.038
500.038
500.038
500.038
532.795
532.795
532.795
532.795
532.795
532.795
532.795
532.795
532.795
532.795
551.059
551.059
551.059
551.059
551.059
551.059
551.059
551.059
551.059
551.059
541.525
541.525
541.525
541.525
541.525
541.525
541.525
541.525
541.525
541.525
533.059
533.059
533.059
533.059
533.059
533.059
533.059
533.059
533.059
533.059
544.933
544.933
544.933
544.933
544.933
544.933
544.933
544.933
544.933
544.933
566.614
566.614
566.614
566.614
566.614
566.614
566.614
566.614
566.614
566.614
568.01
568.01
568.01
568.01
568.01
568.01
568.01
568.01
568.01
568.01
590.913
590.913
590.913
590.913
590.913
590.913
590.913
590.913
590.913
590.913
624.378
624.378
624.378
624.378
624.378
624.378
624.378
624.378
624.378
624.378
586.32
586.32
586.32
586.32
586.32
586.32
586.32
586.32
586.32
586.32
588.307
588.307
588.307
588.307
588.307
588.307
588.307
588.307
588.307
588.307
605.476
605.476
605.476
605.476
605.476
605.476
605.476
605.476
605.476
605.476
617.786
617.786
617.786
617.786
617.786
617.786
617.786
617.786
617.786
617.786
643.905
643.905
643.905
643.905
643.905
643.905
643.905
643.905
643.905
643.905
659.644
659.644
659.644
659.644
659.644
659.644
659.644
659.644
659.644
659.644
664.792
664.792
664.792
664.792
664.792
664.792
664.792
664.792
664.792
664.792
656.365
656.365
656.365
656.365
656.365
656.365
656.365
656.365
656.365
656.365
655.602
655.602
655.602
655.602
655.602
655.602
655.602
655.602
655.602
655.602
676.724
676.724
676.724
676.724
676.724
676.724
676.724
676.724
676.724
676.724
672.397
672.397
672.397
672.397
672.397
672.397
672.397
672.397
672.397
672.397
691.198
691.198
691.198
691.198
691.198
691.198
691.198
691.198
691.198
691.198
684.804
684.804
684.804
684.804
684.804
684.804
684.804
684.804
684.804
684.804
688.593
688.593
688.593
688.593
688.593
688.593
688.593
688.593
688.593
688.593
696.454
696.454
696.454
696.454
696.454
696.454
696.454
696.454
696.454
696.454
715.719
715.719
715.719
715.719
715.719
715.719
715.719
715.719
715.719
715.719
697.652
697.652
697.652
697.652
697.652
697.652
697.652
697.652
697.652
697.652
704.692
704.692
704.692
704.692
704.692
704.692
704.692
704.692
704.692
704.692
717.757
717.757
717.757
717.757
717.757
717.757
717.757
717.757
717.757
717.757
740.511
740.511
740.511
740.511
740.511
740.511
740.511
740.511
740.511
740.511
751.35
751.35
751.35
751.35
751.35
751.35
751.35
751.35
751.35
751.35
763.522
763.522
763.522
763.522
763.522
763.522
763.522
763.522
763.522
763.522
773.697
773.697
773.697
773.697
773.697
773.697
773.697
773.697
773.697
773.697
747.181
747.181
747.181
747.181
747.181
747.181
747.181
747.181
747.181
747.181
770.234
770.234
770.234
770.234
770.234
770.234
770.234
770.234
770.234
770.234
766.417
766.417
766.417
766.417
766.417
766.417
766.417
766.417
766.417
766.417
779.332
779.332
779.332
779.332
779.332
779.332
779.332
779.332
779.332
779.332
810.472
810.472
810.472
810.472
810.472
810.472
810.472
810.472
810.472
810.472
782.272
782.272
782.272
782.272
782.272
782.272
782.272
782.272
782.272
782.272
781.178
781.178
781.178
781.178
781.178
781.178
781.178
781.178
781.178
781.178
827.958
827.958
827.958
827.958
827.958
827.958
827.958
827.958
827.958
827.958
828.223
828.223
828.223
828.223
828.223
828.223
828.223
828.223
828.223
828.223
824.524
824.524
824.524
824.524
824.524
824.524
824.524
824.524
824.524
824.524
818.465
818.465
818.465
818.465
818.465
818.465
818.465
818.465
818.465
818.465
789.109
789.109
789.109
789.109
789.109
789.109
789.109
789.109
789.109
789.109
830.046
830.046
830.046
830.046
830.046
830.046
830.046
830.046
830.046
830.046
824.478
824.478
824.478
824.478
824.478
824.478
824.478
824.478
824.478
824.478
819.335
819.335
819.335
819.335
819.335
819.335
819.335
819.335
819.335
819.335
870.624
870.624
870.624
870.624
870.624
870.624
870.624
870.624
870.624
870.624
828.343
828.343
828.343
828.343
828.343
828.343
828.343
828.343
828.343
828.343
815.972
815.972
815.972
815.972
815.972
815.972
815.972
815.972
815.972
815.972
841.745
841.745
841.745
841.745
841.745
841.745
841.745
841.745
841.745
841.745
788.247
788.247
788.247
788.247
788.247
788.247
788.247
788.247
788.247
788.247
867.713
867.713
867.713
867.713
867.713
867.713
867.713
867.713
867.713
867.713
867.521
867.521
867.521
867.521
867.521
867.521
867.521
867.521
867.521
867.521
823.362
823.362
823.362
823.362
823.362
823.362
823.362
823.362
823.362
823.362
832.85
832.85
832.85
832.85
832.85
832.85
832.85
832.85
832.85
832.85
789.998
789.998
789.998
789.998
789.998
789.998
789.998
789.998
789.998
789.998
844.203
844.203
844.203
844.203
844.203
844.203
844.203
844.203
844.203
844.203
846.466
846.466
846.466
846.466
846.466
846.466
846.466
846.466
846.466
846.466
839.915
839.915
839.915
839.915
839.915
839.915
839.915
839.915
839.915
839.915
851.903
851.903
851.903
851.903
851.903
851.903
851.903
851.903
851.903
851.903
839.625
839.625
839.625
839.625
839.625
839.625
839.625
839.625
839.625
839.625
838.332
838.332
838.332
838.332
838.332
838.332
838.332
838.332
838.332
838.332
820.004
820.004
820.004
820.004
820.004
820.004
820.004
820.004
820.004
820.004
855.334
855.334
855.334
855.334
855.334
855.334
855.334
855.334
855.334
855.334
876.524
876.524
876.524
876.524
876.524
876.524
876.524
876.524
876.524
876.524
876.768
876.768
876.768
876.768
876.768
876.768
876.768
876.768
876.768
876.768
854.486
854.486
854.486
854.486
854.486
854.486
854.486
854.486
854.486
854.486
905.609
905.609
905.609
905.609
905.609
905.609
905.609
905.609
905.609
905.609
904.58
904.58
904.58
904.58
904.58
904.58
904.58
904.58
904.58
904.58
860.487
860.487
860.487
860.487
860.487
860.487
860.487
860.487
860.487
860.487
882.657
882.657
882.657
882.657
882.657
882.657
882.657
882.657
882.657
882.657
868.297
868.297
868.297
868.297
868.297
868.297
868.297
868.297
868.297
868.297
900.044
900.044
900.044
900.044
900.044
900.044
900.044
900.044
900.044
900.044
938.418
938.418
938.418
938.418
938.418
938.418
938.418
938.418
938.418
938.418
898.63
898.63
898.63
898.63
898.63
898.63
898.63
898.63
898.63
898.63
955.396
955.396
955.396
955.396
955.396
955.396
955.396
955.396
955.396
955.396
942.468
942.468
942.468
942.468
942.468
942.468
942.468
942.468
942.468
942.468
915.736
915.736
915.736
915.736
915.736
915.736
915.736
915.736
915.736
915.736
918.497
918.497
918.497
918.497
918.497
918.497
918.497
918.497
918.497
918.497
959.361
959.361
959.361
959.361
959.361
959.361
959.361
959.361
959.361
959.361
1011.1
1011.1
1011.1
1011.1
1011.1
1011.1
1011.1
1011.1
1011.1
1011.1
965.918
965.918
965.918
965.918
965.918
965.918
965.918
965.918
965.918
965.918
978.184
978.184
978.184
978.184
978.184
978.184
978.184
978.184
978.184
978.184
967.248
967.248
967.248
967.248
967.248
967.248
967.248
967.248
967.248
967.248
996.111
996.111
996.111
996.111
996.111
996.111
996.111
996.111
996.111
996.111
1000.31
1000.31
1000.31
1000.31
1000.31
1000.31
1000.31
1000.31
1000.31
1000.31
1012.74
1012.74
1012.74
1012.74
1012.74
1012.74
1012.74
1012.74
1012.74
1012.74
1006.74
1006.74
1006.74
1006.74
1006.74
1006.74
1006.74
1006.74
1006.74
1006.74
1039.33
1039.33
1039.33
1039.33
1039.33
1039.33
1039.33
1039.33
1039.33
1039.33
1038.66
1038.66
1038.66
1038.66
1038.66
1038.66
1038.66
1038.66
1038.66
1038.66
1039.86
1039.86
1039.86
1039.86
1039.86
1039.86
1039.86
1039.86
1039.86
1039.86
1057.24
1057.24
1057.24
1057.24
1057.24
1057.24
1057.24
1057.24
1057.24
1057.24
1051.42
1051.42
1051.42
1051.42
1051.42
1051.42
1051.42
1051.42
1051.42
1051.42
1054.7
1054.7
1054.7
1054.7
1054.7
1054.7
1054.7
1054.7
1054.7
1054.7
1043.56
1043.56
1043.56
1043.56
1043.56
1043.56
1043.56
1043.56
1043.56
1043.56
1075.85
1075.85
1075.85
1075.85
1075.85
1075.85
1075.85
1075.85
1075.85
1075.85
1056.19
1056.19
1056.19
1056.19
1056.19
1056.19
1056.19
1056.19
1056.19
1056.19
1098.84
1098.84
1098.84
1098.84
1098.84
1098.84
1098.84
1098.84
1098.84
1098.84
1091.97
1091.97
1091.97
1091.97
1091.97
1091.97
1091.97
1091.97
1091.97
1091.97
1069.15
1069.15
1069.15
1069.15
1069.15
1069.15
1069.15
1069.15
1069.15
1069.15
1118.49
1118.49
1118.49
1118.49
1118.49
1118.49
1118.49
1118.49
1118.49
1118.49
1101.07
1101.07
1101.07
1101.07
1101.07
1101.07
1101.07
1101.07
1101.07
1101.07
1092.59
1092.59
1092.59
1092.59
1092.59
1092.59
1092.59
1092.59
1092.59
1092.59
1133.76
1133.76
1133.76
1133.76
1133.76
1133.76
1133.76
1133.76
1133.76
1133.76
1128.26
1128.26
1128.26
1128.26
1128.26
1128.26
1128.26
1128.26
1128.26
1128.26
1128.88
1128.88
1128.88
1128.88
1128.88
1128.88
1128.88
1128.88
1128.88
1128.88
1155.86
1155.86
1155.86
1155.86
1155.86
1155.86
1155.86
1155.86
1155.86
1155.86
1175.6
1175.6
1175.6
1175.6
1175.6
1175.6
1175.6
1175.6
1175.6
1175.6
1184.4
1184.4
1184.4
1184.4
1184.4
1184.4
1184.4
1184.4
1184.4
1184.4
1161.68
1161.68
1161.68
1161.68
1161.68
1161.68
1161.68
1161.68
1161.68
1161.68
1195.94
1195.94
1195.94
1195.94
1195.94
1195.94
1195.94
1195.94
1195.94
1195.94
1196.52
1196.52
1196.52
1196.52
1196.52
1196.52
1196.52
1196.52
1196.52
1196.52
1194.33
1194.33
1194.33
1194.33
1194.33
1194.33
1194.33
1194.33
1194.33
1194.33
