-13677.6
-13678
-13678.1
-13678.6
-13677.6
-13678.2
-13677.7
-13677.3
-13676.9
-13676.9
-13676.9
-13676.7
-13676.7
-13676.2
-13677.3
-13676.3
-13676.3
-13675.9
-13676
-13676.2
-13675.5
-13675.7
-13675.6
-13675.7
-13675.4
-13675.1
-13674.8
-13675.2
-13674.9
-13675.3
-13674.6
-13674.2
-13675.1
-13675.5
-13674.5
-13674.9
-13674.7
-13674.1
-13674.6
-13674.7
-13674
-13674.2
-13673.6
-13673.7
-13674.6
-13674.2
-13674.1
-13673
-13673.3
-13673.1
-13673.4
-13673.3
-13672.6
-13672.7
-13673.3
-13673.2
-13672.9
-13672.2
-13673.2
-13672.9
-13672.9
-13672.9
-13673.3
-13672.8
-13672.1
-13672.9
-13672.5
-13672.3
-13672.5
-13671.9
-13671.7
-13672.5
-13672.4
-13672
-13671.7
-13672
-13672.1
-13671.5
-13671.1
-13671.2
-13671.1
-13670.6
-13671
-13670.9
-13670.8
-13670.7
-13670.7
-13670
-13670.2
-13670.8
-13669.5
-13670.2
-13670
-13670.3
-13670.2
-13670.2
-13668.9
-13668.5
-13668.9
-13668.9
