-13679.5
-13679.4
-13679.3
-13679.1
-13679.6
-13679
-13679.1
-13679.4
-13679.2
-13679.4
-13679.6
-13679.6
-13679.3
-13679.3
-13679.3
-13679.1
-13679.1
-13679.1
-13679.5
-13679.3
-13679
-13679.1
-13679.2
-13679.3
-13679.1
-13679
-13678.9
-13679.4
-13679.3
-13679.6
-13679.1
-13679.4
-13678.7
-13679.2
-13679.3
-13679
-13679.2
-13679.2
-13678.8
-13678.9
-13679.5
-13679.1
-13679.1
-13678.6
-13679.2
-13679.1
-13679.4
-13679.1
-13679.1
-13678.7
-13679.3
-13679.5
-13678.9
-13678.8
-13678.9
-13679.3
-13679.2
-13678.8
-13678.8
-13679
-13679.4
-13679.2
-13678.8
-13679
-13678.8
-13678.9
-13678.8
-13679.2
-13679.3
-13678.8
-13678.7
-13679.2
-13678.5
-13679
-13678.7
-13678.7
-13678.8
-13678.5
-13679.1
-13678.7
-13678.7
-13678.7
-13678.5
-13679.4
-13678.7
-13678.4
-13679
-13678.9
-13678.8
-13678.5
-13678.5
-13678.6
-13678.5
-13678
-13678.5
-13678.5
-13678.3
-13678.9
-13678.5
-13678.8
