-13676.9
-13676.9
-13676.7
-13676.3
-13676.3
-13675.9
-13676.6
-13675.1
-13675.1
-13674.5
-13674.6
-13674.5
-13674
-13672.8
-13673.7
-13673.2
-13672.6
-13672.9
-13672.5
-13672.7
-13671.7
-13672.4
-13671.3
-13670.9
-13671.7
-13671.1
-13671.1
-13669.9
-13669.7
-13669.7
-13669.8
-13669.8
-13669.5
-13669.2
-13668.6
-13667.7
-13667.7
-13668.2
-13667.6
-13668.4
-13667.4
-13667.9
-13667
-13667.4
-13667.1
-13666.2
-13665.6
-13665.3
-13664.9
-13664.6
-13663.9
-13664.5
-13664.4
-13664.4
-13664.4
-13663.5
-13663.5
-13663.2
-13662.7
-13662.4
-13662.9
-13662.4
-13661.7
-13661.9
-13661.7
-13661.3
-13661.3
-13661.1
-13660.8
-13660.5
-13659.4
-13658.9
-13659.1
-13659.6
-13658.8
-13658.7
-13658.2
-13658.4
-13657.8
-13657.6
-13657
-13656.4
-13656
-13655.8
-13655.4
-13655.7
-13655.3
-13654.1
-13654.2
-13654
-13652.1
-13653.2
-13652.7
-13652.8
-13652.1
-13651.6
-13651.5
-13651.4
-13651.7
-13651.5
