-13680
-13680.1
-13680.2
-13680.1
-13680.2
-13680.2
-13680.3
-13680.5
-13680.2
-13680.2
-13680.2
-13680.2
-13680.3
-13680.3
-13680.2
-13680.2
-13680.4
-13680.1
-13680.2
-13680.2
-13680
-13680.4
-13680.4
-13680
-13680.3
-13680.3
-13680.3
-13680
-13680.2
-13680.3
-13680.2
-13680.1
-13680.4
-13680.1
-13680.1
-13680.5
-13680.3
-13680.1
-13680.3
-13680.3
-13680.2
-13680.3
-13680.1
-13680.5
-13680.3
-13680.5
-13680.3
-13680.2
-13680.3
-13680.3
-13680.2
-13680.3
-13680.3
-13680.3
-13680.3
-13680.1
-13680.3
-13680.1
-13680.4
-13680.1
-13680.1
-13680.3
-13680.1
-13680.1
-13680.3
-13679.9
-13680.1
-13680.2
-13680.3
-13680.2
-13680.1
-13680.4
-13680.3
-13680.4
-13680.1
-13680.2
-13680.1
-13680.2
-13680.1
-13680.4
-13680.1
-13680.1
-13680.2
-13680
-13680.3
-13680.4
-13680.3
-13680.3
-13680.2
-13680.1
-13680.1
-13680.2
-13680.3
-13680.3
-13680.5
-13680.1
-13680.2
-13680.2
-13680.3
-13680.3
