-13680.4
-13680.4
-13680.5
-13680.4
-13680.4
-13680.5
-13680.5
-13680.5
-13680.5
-13680.5
-13680.6
-13680.5
-13680.5
-13680.5
-13680.4
-13680.5
-13680.4
-13680.5
-13680.5
-13680.5
-13680.5
-13680.3
-13680.4
-13680.5
-13680.4
-13680.5
-13680.3
-13680.4
-13680.4
-13680.5
-13680.5
-13680.4
-13680.3
-13680.5
-13680.6
-13680.5
-13680.5
-13680.4
-13680.3
-13680.4
-13680.4
-13680.4
-13680.5
-13680.4
-13680.4
-13680.4
-13680.5
-13680.5
-13680.6
-13680.4
-13680.4
-13680.4
-13680.5
-13680.4
-13680.4
-13680.4
-13680.6
-13680.6
-13680.5
-13680.4
-13680.4
-13680.5
-13680.4
-13680.4
-13680.4
-13680.4
-13680.5
-13680.5
-13680.4
-13680.4
-13680.4
-13680.4
-13680.4
-13680.3
-13680.4
-13680.3
-13680.5
-13680.4
-13680.3
-13680.5
-13680.6
-13680.4
-13680.4
-13680.5
-13680.5
-13680.5
-13680.4
-13680.5
-13680.4
-13680.5
-13680.5
-13680.5
-13680.3
-13680.3
-13680.4
-13680.6
-13680.4
-13680.6
-13680.4
-13680.5
