-13680.5
-13680.5
-13680.5
-13680.5
-13680.5
-13680.5
-13680.5
-13680.6
-13680.5
-13680.5
-13680.5
-13680.6
-13680.6
-13680.5
-13680.6
-13680.5
-13680.6
-13680.5
-13680.6
-13680.6
-13680.6
-13680.5
-13680.6
-13680.6
-13680.6
-13680.6
-13680.6
-13680.6
-13680.6
-13680.5
-13680.6
-13680.6
-13680.6
-13680.6
-13680.6
-13680.6
-13680.6
-13680.6
-13680.5
-13680.6
-13680.6
-13680.6
-13680.5
-13680.6
-13680.5
-13680.5
-13680.6
-13680.5
-13680.6
-13680.5
-13680.5
-13680.6
-13680.6
-13680.5
-13680.5
-13680.6
-13680.5
-13680.6
-13680.5
-13680.5
-13680.6
-13680.5
-13680.5
-13680.5
-13680.6
-13680.6
-13680.6
-13680.6
-13680.6
-13680.6
-13680.5
-13680.6
-13680.6
-13680.6
-13680.6
-13680.5
-13680.6
-13680.5
-13680.6
-13680.6
-13680.5
-13680.6
-13680.6
-13680.6
-13680.6
-13680.6
-13680.5
-13680.6
-13680.6
-13680.6
-13680.5
-13680.6
-13680.6
-13680.5
-13680.6
-13680.6
-13680.5
-13680.5
-13680.6
-13680.6
