-13679.6
-13679.3
-13679.6
-13679.6
-13680
-13679.6
-13679.6
-13679.5
-13679.4
-13679.5
-13679.6
-13679
-13679.3
-13679.5
-13679.5
-13679.4
-13679.6
-13679.6
-13679.7
-13679.4
-13679.6
-13679.4
-13679.5
-13679.8
-13680
-13679.6
-13679.8
-13679.8
-13679.5
-13679.8
-13679.7
-13680
-13679.8
-13679.6
-13679.4
-13679.3
-13679.6
-13679.6
-13679.8
-13679.3
-13679.6
-13680.1
-13680.4
-13679.3
-13679.9
-13679.6
-13679.9
-13680.4
-13679.3
-13679.6
-13679.6
-13679.7
-13679.8
-13679.6
-13679.8
-13679.7
-13679.8
-13680.1
-13679.4
-13679.8
-13680.1
-13679.9
-13679.7
-13679.8
-13679.5
-13679.8
-13680.2
-13679.6
-13679.9
-13679.8
-13679.5
-13679.4
-13679.7
-13679.9
-13679.8
-13679.9
-13679.6
-13679.9
-13679.7
-13679.7
-13679.5
-13679.3
-13679.4
-13679.6
-13679.5
-13679.8
-13679.5
-13679.7
-13679.7
-13679.3
-13679.5
-13679.4
-13679.6
-13680
-13679.3
-13679.5
-13679.6
-13679.6
-13679.5
-13679.5
