-13678.7
-13678.5
-13678.6
-13679.2
-13678.8
-13679.1
-13678.6
-13679.1
-13679.2
-13678.2
-13678.8
-13678.6
-13679.1
-13678.7
-13678.3
-13678.2
-13678.3
-13678.2
-13679.1
-13678.9
-13678.4
-13678.8
-13679.2
-13678.4
-13679
-13678.7
-13678.2
-13678.5
-13677.8
-13678.4
-13678.4
-13678.5
-13678
-13677.6
-13678.3
-13677.5
-13678.4
-13677.6
-13678.2
-13677.9
-13677.7
-13678.5
-13677.5
-13678.3
-13677.8
-13678.3
-13678.5
-13677.9
-13678.3
-13677.8
-13678.4
-13678.2
-13677.2
-13678.4
-13678.1
-13677.9
-13677.6
-13677.4
-13677.6
-13678
-13678
-13677.6
-13677.6
-13677.6
-13677.7
-13677.4
-13677.2
-13677.6
-13677.6
-13677.2
-13677.7
-13677.5
-13677.4
-13677
-13677.4
-13677.2
-13677.6
-13677.1
-13677.4
-13677.3
-13676.7
-13676.9
-13677.3
-13677.5
-13677.4
-13677.3
-13677
-13677.2
-13677
-13677.1
-13676.9
-13677
-13677
-13676.7
-13676.4
-13676.9
-13677.3
-13676.8
-13676.7
-13676.3
