-4795.9
-4796.11
-4795.92
-4795.93
-4795.95
-4795.9
-4795.89
-4795.98
-4795.9
-4795.89
-4795.91
-4795.89
-4795.89
-4795.92
-4795.87
-4795.87
-4795.89
-4795.86
-4795.87
-4795.88
-4795.89
-4795.89
-4795.88
-4795.89
-4795.86
-4795.92
-4795.91
-4795.88
-4795.9
-4795.9
-4795.89
-4795.88
-4796.07
-4796.06
-4796.08
-4796.1
-4796.11
-4796.09
-4796.1
-4796.08
-4796.08
-4796.06
-4796.07
-4796.09
-4796.09
-4796.09
-4796.05
-4796.07
-4796.07
-4796.1
-4796.12
-4796.09
-4796.09
-4796.09
-4796.09
-4796.11
-4796.09
-4796.08
-4796.07
-4796.09
-4796.07
-4796.07
-4796.07
-4796.09
-4796.1
-4796.09
-4796.11
-4796.1
-4796.08
-4796.06
-4796.09
-4796.11
-4796.09
-4796.1
-4796.1
-4796.12
-4796.08
-4796.16
-4796.18
-4796.19
-4796.21
-4796.2
-4796.18
-4796.15
-4796.13
-4796.18
-4796.2
-4796.21
-4796.17
-4796.18
-4796.17
-4796.18
-4796.17
-4796.15
-4796.17
-4796.19
-4796.17
-4796.17
-4796.15
-4796.18
