-13675.8
-13675.3
-13675.6
-13674.5
-13674.3
-13673.4
-13673.1
-13670.8
-13670.3
-13669
-13668.2
-13666
-13666.7
-13665.8
-13663.9
-13662.7
-13663.1
-13663.3
-13662.9
-13661.6
-13660.9
-13661.2
-13659.1
-13659.2
-13658.7
-13658.6
-13657.1
-13657.1
-13655.8
-13656.3
-13655
-13654.2
-13652.9
-13652.3
-13652.5
-13652.5
-13651.4
-13651.2
-13649.8
-13649.1
-13648.4
-13647.8
-13645.8
-13646.1
-13645.5
-13644
-13643.5
-13642.3
-13643
-13641.6
-13640.7
-13640
-13639.3
-13638.9
-13637.2
-13636.8
-13636.4
-13636.3
-13635.3
-13634.8
-13633.6
-13632.9
-13632.2
-13631.3
-13630.2
-13629.1
-13628.4
-13627.6
-13626.4
-13626.2
-13625.7
-13625.6
-13623.8
-13622.5
-13622.8
-13623.1
-13621.8
-13620.8
-13620.1
-13619
-13617.5
-13617.8
-13616.5
-13615.8
-13614.6
-13614
-13611.9
-13611.1
-13610
-13608.3
-13607.8
-13606.7
-13605.9
-13604.6
-13603.9
-13602.8
-13602.3
-13600.5
-13599.9
-13598.2
