590.109
579.863
592.474
589.857
586.122
588.229
603.053
589.413
584.373
589.187
589.332
594.63
593.957
590.879
584.746
599.095
600.972
603.541
596.454
598.266
587.848
587.894
590.308
581.438
600.945
589.501
605.872
592.803
596.533
588.908
593.145
582.486
587.197
593.507
601.141
598.961
595.14
588.24
595.057
590.354
594.403
585.196
588.222
582.286
592.558
601.22
600.268
597.155
595.925
590.983
583.101
588.74
591.547
595.928
594.688
599.72
584.758
594.692
603.99
585.675
589.839
586.505
600.973
591.323
597.961
600.464
590.605
599.158
585.648
585.382
594.314
582.917
592.046
599.397
590.534
596.362
592.351
590.756
591.029
593.054
592.746
590.212
592.867
593.413
591.322
593.814
599.128
595.536
582.062
587.842
586.369
586.369
592.173
596.104
593.761
586.257
598.12
590.085
587.246
588.047
