590.486
595.444
595.831
594.651
585.897
592.753
587.892
602.587
598.4
597.051
592.315
600.768
593.083
603.852
595.5
603.503
602.647
606.65
602.2
595.179
597.125
608.328
593.967
598.18
592.941
597.196
592.068
601.205
596.787
600.415
594.895
596.131
599.648
597.267
598.701
599.536
594.74
595.547
598.233
607.461
598.842
601.672
601.348
595.379
597.188
598.671
600.797
598.973
600.423
603.435
597.27
592.27
597.694
598.366
598.508
589.455
591.947
604.095
591.501
608.469
592.325
605.398
598.743
600.317
603.098
599.507
601.562
596.365
600.63
600.445
608.072
598.343
606.882
583.56
592.401
598.522
597.243
609.593
607.191
593.523
595.016
602.975
606.798
599.205
601.304
599.465
618.156
594.496
598.509
595.798
595.181
610.338
604.062
592.521
602.227
595.504
591.428
604.024
600.158
604.486
