591.722
582.002
583.006
593.756
592.483
592.907
595.044
602.04
595.319
585.939
591.328
587.73
596.311
584.892
585.49
605.312
593.234
596.301
594.156
606.277
597.49
586.52
597.673
598.827
597.475
601.718
598.812
587.081
597.266
603.817
590.311
592.103
608.062
584.288
589.35
592.46
596.859
585.532
583.897
599.373
594.869
585.958
599.725
591.724
599.849
591.688
602.168
592.021
592.211
594.535
591.007
587.469
605.897
592.019
594.701
586.353
596.182
593.723
604.463
584.405
592.829
599.643
604.813
589.06
588.928
587.389
596.938
592.577
589.664
587.235
604.314
602.773
598.696
599.299
593.999
591.368
598.189
585.602
589.391
593.798
588.627
591.779
597.396
594.686
584.118
591.587
594.266
592.327
590.051
593.444
594.553
599.008
598.501
604.765
583.551
591.222
602.754
593.364
588.956
582.977
