588.114
596.335
596.338
596.285
598.626
586.927
586.301
593.224
589.07
598.351
602.723
598.904
601.519
591.515
597.791
601.444
593.407
598.423
606.196
596.115
601.796
601.088
607.019
607.169
605.368
592.885
600.171
597.542
605.511
593.574
600.125
598.511
596.397
592.084
597.624
592.969
599.105
598.33
596.893
600.27
599.191
590.587
599.985
600.933
598.951
598.652
598.639
599.696
597.383
591.344
601.994
599.747
612.399
597.595
609.084
601.653
599.902
600.07
597.204
595.316
601.349
608.442
603.851
600.362
596.727
609.607
601.326
587.675
599.282
597.8
591.277
591.608
603.231
596.306
590.007
589.615
604.84
594.154
602.172
610.89
599.355
603.233
598.179
598.155
606.532
603.329
607.626
595.128
598.293
605.338
609.446
612.375
598.561
594.373
604.863
603.529
594.412
591.862
602.571
601.549
