587.717
584.042
589.314
588.325
584.503
597.673
590.227
590.68
583.961
587.867
588.557
593.81
587.967
605.161
592.786
594.541
596.226
587.036
587.387
586.497
596.884
588.909
597.18
593.762
584.894
589.086
584.272
588.933
587.512
594.577
603.124
589.71
597.771
582.089
579.619
588.712
597.314
594.195
584.586
585.463
593.208
594.57
588.85
585.391
584.48
597.146
576.362
599.208
587.109
585.278
587.24
596.092
599.899
580.426
586.527
603.738
585.063
599.713
603.342
587.673
568.765
586.133
604.154
583.118
600.01
594.783
591.873
581.687
591.043
586.169
588.127
597.464
594.907
584.994
593.278
586.753
589.011
590.147
592.606
587.794
591.529
594.293
592.633
587.47
577.247
581.467
596.86
599.196
597.287
582.05
585.597
582.233
588.583
591.558
597.929
590.335
593.665
588.261
592.037
588.428
