563.913
576.249
581.633
575.209
575.999
575.85
587.345
567.565
577.557
581.014
572.806
574.349
584.611
588.027
583.315
576.475
586.453
582.808
586.954
585.402
582.734
593.731
574.392
579.741
596.288
585.984
581.743
582.882
595.884
592.021
594.318
595.825
594.621
589.369
597.933
605.191
592.078
600.541
592.719
599.3
597.036
608.257
585.341
605.341
598.225
590.391
607.092
590.744
604.067
604.847
597.954
604.122
603.218
610.901
598.762
604.34
599.807
604.17
612.43
612.412
600.742
605.669
603.292
603.758
612.466
604.578
606.512
600.027
610.63
621.763
617.634
616.628
612.841
610.719
612.654
624.183
614.191
622.149
613.203
622.423
611.899
631.365
624.239
626.193
626.427
629.233
633.828
623.983
628.597
628.479
628.391
628.177
640.9
631.998
636.151
634.241
619.141
641.958
630.459
633.392
