587.679
578.934
587.469
580.488
590.205
579.116
584.364
587.934
592.84
593.058
588.282
586.129
576.214
585.114
600.35
595.399
583.643
580.248
583.658
589.509
592.2
591.055
586.304
591.389
587.981
584.304
577.559
591.542
591.857
595.195
590.126
584.873
574.594
582.611
586.856
593.829
593.84
601.386
585.877
583.487
581.042
590.223
591.561
586.593
585.886
583.069
581.84
589.985
584.163
597.85
581.201
589.281
589.457
574.069
577.597
573.828
594.552
591.307
597.461
593.81
585.365
583.727
584.17
591.616
593.782
587.665
587.495
584.077
591.471
586.292
586.728
592.297
589.355
596.544
585.107
583.724
588.159
592.282
587.491
594.06
598.073
594.235
591.193
588.375
585.428
585.226
586.907
596.846
601.33
592.724
588.925
573.803
588.678
581.105
593.009
595.349
579.781
588.509
588.761
577.447
