589.46
591.509
596.604
596.13
596.69
596.61
598.827
595.517
587.272
586.761
587.47
593.561
593.243
588.785
598.671
603.578
601.8
599.265
602.826
598.091
591.903
593.205
602.508
601.926
594.942
594.096
598.809
604.737
606.163
596.554
598.37
604.641
601.538
603.61
609
607.541
606.209
603.146
593.332
596.043
601.715
597.845
599.016
609.512
594.172
594.482
602.017
598.749
598.467
593.577
592.085
597.694
596.865
593.642
595.786
601.67
598.709
597.499
596.501
600.261
602.967
596.053
591.302
596.468
603.24
601.729
600.182
597.418
599.197
602.015
598.568
598.549
599.397
594.941
591.705
595.821
605.619
600.054
610.987
610.112
596.507
604.099
611.776
602.734
601.867
602.589
597.585
596.707
596.659
595.389
597.421
605.904
609.661
606.425
602.641
600.37
593.022
597.331
608.54
608.862
