587.219
575.226
577.39
591.035
597.001
587.961
584.299
585.539
577.214
587.64
587.174
583.559
589.269
591.861
581.629
591.3
578.907
575.169
595.965
578.952
585.532
583.059
579.858
588.604
588.368
586.984
586.413
595.064
575.922
601.182
585.158
589.987
586.951
580.409
583.996
586.59
578.91
585.681
582.306
574.497
584.137
601.679
594.043
582.664
596.852
585.678
588.276
604.881
585.884
578.698
580.732
587.472
586.852
589.837
590.947
588.757
584.297
589.038
584.237
590.262
599.594
585.331
587.235
582.61
578.931
590.092
596.432
585.314
598.924
586.98
585.746
578.341
588.497
593.286
596.388
584.575
583.484
586.734
588.295
588.102
585.045
580.467
580.062
578.392
571.711
590.162
585.468
593.67
593.033
585.299
585.465
589.376
583.177
593.338
586.847
597.41
583.896
588.294
582.885
578.187
