593.696
596.093
583.408
585.467
596.237
588.421
593.329
601.432
597.989
606.26
594.268
595.271
587.469
594.694
594.354
597.344
598.969
586.818
593.241
595.845
599.907
599.574
608.39
601.422
593.837
607.139
596.867
596.507
593.323
595.139
597.718
591.176
596.962
597.686
597.408
605.657
598.279
595.194
593.907
601.492
591.241
600.416
593.512
594.106
605.313
591.921
600.293
593.456
598.45
592.723
591.871
605.717
607.287
610.42
596.026
599.596
601.032
600.099
583.608
579.232
579.608
590.139
597.017
597.492
596.274
592.544
599.09
606.601
597.638
603.989
600.849
597.268
586.994
593.567
602.717
597.616
590.873
600.036
592.46
603.553
611.804
598.498
595.528
588.202
601.252
597.401
597.255
593.395
592.129
597.03
600.971
599.827
611.36
588.937
597.26
599.096
591.284
600.219
587.288
594.14
