594.135
595.243
597.568
585.249
593.933
597.325
598.109
596.272
596.607
593.003
600.325
594.712
602.134
607.733
604.211
594.539
595.716
591.692
599.073
592.513
596.217
595.322
596.484
600.722
589.943
597.685
596.897
599.143
603.297
590.351
600.867
607.716
601.462
595.101
600.131
598.598
605.115
600.35
595.183
601.968
598.02
603.97
592.699
592.729
584.974
594.366
604.287
613.062
591.072
601.491
597.94
604.278
607.131
613.2
602.249
592.174
609.527
599.346
606.368
590.28
599.901
589.74
600.498
585.753
598.358
595.883
594
591.123
591.72
603.523
598.191
605.398
609.512
601.687
609.219
603.044
602.967
586.899
605.41
594.455
598.008
594.248
603.059
584.12
597.352
595.628
592.374
596.735
597.732
605.132
608.562
602.813
600.357
592.687
606.297
597.14
599.795
600.165
597.9
606.159
