577.565
583.009
577.526
583.682
580.952
583.547
583.345
587.635
583.563
575.512
584.147
574.015
593.147
582.933
578
584.591
574.2
585.591
581.844
579.485
570.701
578.48
590.47
583.206
593.921
588.453
575.671
583.594
578.839
577.652
586.236
581.085
578.197
562.282
582.627
575.227
591.899
572.808
588.542
581.75
582.421
585.719
583.734
590.559
567.359
584.355
590.421
577.746
586.443
568.923
588.455
581.819
575.115
584.712
579.167
587.393
582.089
578.879
576.879
576.889
578.264
585.749
572.964
575.906
587.412
586.574
582.191
577.744
580.298
567.944
588.98
581.989
586.355
577.232
578.192
583.286
586.195
582.661
592.453
586.612
581.515
578.301
578.721
584.889
588.428
591.005
574.744
591.207
583.769
591.202
584.357
587.062
579.066
579.529
573.195
588.825
590.758
591.986
576.321
575.724
