591.379
589.673
588.867
591.765
595.725
596.766
596.173
596.302
596.851
596.897
596.323
596.805
597.765
599.01
599.155
595.733
590.547
587.48
587.092
586.977
586.883
587.678
589.923
593.763
595.815
593.503
589.752
589.009
592.829
598.862
603.04
603.826
603.394
602.05
599.995
599.482
601.187
603.058
602.211
598.352
594.699
592.136
590.94
593.428
598.384
602.737
604.555
602.216
597.992
595.219
594.115
594.35
596.241
599.04
602.144
604.959
606.762
606.392
602.19
596.818
595.528
598.634
602.572
604.928
604.318
601.809
600.995
603.85
607.562
609.181
608.875
607.765
606.669
606.408
605.947
603.382
598.598
593.598
592.438
596.261
600.746
601.906
600.071
598.028
596.935
599.135
605.918
609.8
604.269
594.533
590.507
594.618
600.521
602.206
600.401
598.893
598.682
598.702
597.07
593.748
