588.239
579.564
593.406
584.679
593.129
591.441
587.541
597.403
589.145
588.673
592.117
588.834
594.744
588.942
597.45
588.996
601.668
588.874
596.16
585.129
585.572
599.495
603.856
578.503
594.763
589.668
601.181
585.085
590.887
598.444
588.883
595.69
599.272
584.887
584.346
605.333
588.247
586.6
592.799
604.655
585.805
600.529
599.756
603.328
591.914
590.178
593.951
587.337
590.03
592.432
592.901
599.93
601.629
596.034
601.104
587.341
589.262
590.797
597.674
591.223
590.078
592.794
584.333
584.074
594.854
584.275
579.444
593.577
589.101
589.133
588.938
604.52
597.012
590.119
590.395
593.692
591.232
593.647
579.607
595.934
588.707
594.146
590.051
592.807
590.43
597.561
598.577
592.087
597.128
585.161
585.306
590.532
596.245
597.34
596.763
594.059
584.955
595.992
600.496
584.975
