584.276
584.285
582.157
577.952
586.863
579.694
579.336
585.92
576.135
577.942
602.31
592.121
585.837
594.681
587.259
583.088
592.308
582.667
589.987
592.037
574.666
583.695
587.285
585.813
578.143
576.148
583.624
588.764
584.256
585.535
586.038
590.59
573.585
585.511
582.707
577.778
587.307
589.855
576.15
587.015
586.79
590.023
585.623
581.586
582.057
581.595
586.397
578.322
583.758
581.435
589.67
586.032
586.751
575.822
578.236
593.066
579.729
577.664
578.252
589.343
594.537
588.151
584.501
586.077
583.808
578.924
573.792
587.254
594.054
576.146
579.924
590.282
578.148
592.135
591.429
585.487
580.467
572.871
592.337
586.947
584.893
582.822
580.993
589.004
577.324
596.216
592.158
587.697
582.206
583.016
582.901
581.98
581.382
577.394
589.35
580.033
576.397
587.597
583.712
596.679
