594.889
594.54
585.069
591.402
596.619
596.964
589.425
598.834
596.343
593.75
598.685
605.191
590.411
595.978
590.436
597.212
592.219
590.043
595.84
600.962
588.505
594.356
595.667
601.334
589.794
594.288
602.018
599.456
602.392
598.735
594.78
598.023
598.477
597.056
599.764
599.535
589.529
590.955
602.664
591.678
594.356
595.762
598.554
602.663
605.389
606.588
590.79
602.149
596.982
596.778
605.378
593.521
592.638
591.172
594.252
598.861
606.263
601.254
599.982
604.559
598.371
592.787
600.74
600.648
593.588
591.951
591.885
591.749
590.964
596.931
598.845
598.279
595.614
602.916
600.744
597.903
603.608
602.401
594.557
605.42
603.966
598.937
598.735
592.447
602.522
597.919
594.219
600.236
600.761
597.71
595.651
589.494
599.523
611.581
596.442
608.653
589.634
606.5
603.645
596.942
