592.688
591.19
589.504
598.624
592.918
596.118
600.341
599.108
603.214
591.841
603.277
595.78
594.47
594.76
599.354
600.606
588.165
603.69
590.385
605.454
598.948
585.166
591.693
596.314
596.901
598.935
588.031
597.162
595.289
589.01
602.486
589.837
588.676
598.571
605.115
598.336
592.048
589.22
594.251
590.047
593.805
591.014
602.999
589.049
600.328
587.373
598.176
596.057
606.019
592.668
587.456
599.595
587.849
594.469
591.72
600.136
599.983
602.716
600.961
588.906
588.859
592.173
593.076
596.245
592.076
588.763
598.334
603.049
585.199
597.751
595.654
591.616
594.746
588.678
595.976
585.146
599.515
595.26
585.499
599.002
599.146
589.318
595.561
589.112
592.684
598.16
591.388
604.89
598.01
602.987
603.17
595.96
590.477
585.919
596.495
603.304
590.882
607.883
595.843
591.887
