566.964
577.175
576.95
584.195
582.781
580.595
579.622
576.928
577.824
573.932
586.34
582.585
578.181
564.451
576.417
586.462
580.95
575.032
571.291
580.362
573.042
592.323
574.062
575.134
594.543
588.755
588.605
582.026
580.047
578.408
594.025
585.131
590.236
580.288
581.346
590.567
581.826
590.015
584.181
586.674
582.387
597.974
581.485
587.555
594.31
587.574
587.2
583.691
591.893
581.34
579.764
577.49
585.67
596.893
584.94
575.456
585.094
587.948
579.381
591.909
593.759
595.572
588.805
602.996
593.554
584.907
588.004
594.404
593.358
598.307
585.074
585.019
589.334
590.369
589.174
583.576
591.443
584.986
584.756
597.258
602.651
592.997
589.514
595.177
598.033
600.121
596.41
588.208
593.38
603.044
586.51
590.956
597.389
596.023
597.792
602.601
589.746
599.861
604.132
605.414
