570.716
578.597
569.67
584.413
584.119
582.186
582.382
575.248
566.533
574.811
579.305
577.117
574.398
570.237
583.511
580.268
575.117
567.22
582.827
582.707
580.016
582.155
572.755
582.679
577.714
577.329
579.809
589.696
581.445
582.506
578.351
574.961
587.053
595.997
582.279
588.374
581.934
572.483
593.249
597.411
585.928
578.158
569.564
579.267
586.673
594.674
582.113
572.282
578.535
586.079
589.44
583.364
572.336
574.479
586.615
579.278
584.406
567.945
585.634
587.302
588.438
594.459
591.245
583.582
587.491
587.408
591.27
585.464
589.265
581.188
587.337
593.939
594.086
583.479
586.465
594.693
592.898
586.247
586.77
576.581
581.092
580.322
594.121
591.552
588.287
586.553
573.962
580.635
583.463
590.56
580.506
580.976
583.268
587.204
593.759
593.728
583.614
579.113
574.583
582.106
