406.292
388.414
400.822
400.073
394.643
398.157
400.602
400.331
400.41
404.086
398.413
399.59
401.402
397.257
403.024
396.45
397.125
405.627
399.689
405.432
400.052
397.175
397.092
401.588
403.718
400.326
400.26
393.474
402.731
399.976
399.202
401.709
394.854
399.397
397.9
402.018
396.24
398.167
398.152
401.961
396.517
401.392
401.486
401.307
398.82
398.576
401.17
399.212
398.091
405.061
401.99
390.142
403.837
402.268
399.148
401.062
403.018
399.944
396.764
398.735
396.835
402.77
398.362
399.922
398.92
404.076
407.146
402.33
400.495
402.764
397.427
396.858
404.671
397.623
396.461
404.547
401.998
403.731
400.52
403.851
404.236
394.89
398.526
396.672
400.907
400.365
404.825
401.571
401.896
401.297
400.01
398.698
396.67
401.837
401.671
400.415
400.005
400.197
399.567
397.65
