-24375.5
-24317.2
-24320.2
-24323.9
-24329.1
-24331.8
-24333.7
-24332.6
-24332
-24334.8
-24330.3
-24328.2
-24325.8
-24321.8
-24321.2
-24320.8
-24318.1
-24317.5
-24319.1
-24315
-24313.2
-24309.4
-24307.4
-24307.7
-24303.7
-24299.8
-24297.5
-24294.7
-24294.6
-24293.4
-24298.5
-24295.3
-24292.4
-24293.2
-24290.9
-24290
-24284.1
-24284.2
-24281.5
-24279.1
-24287.7
-24282.9
-24283.6
-24278.5
-24278
-24274.9
-24281.2
-24279.3
-24275.8
-24271.6
-24275.7
-24280.9
-24274.7
-24277
-24276.9
-24278.3
-24278.2
-24271.8
-24274.9
-24273.1
-24268.3
-24268.1
-24273.9
-24273.3
-24268.5
-24269.9
-24269.6
-24264.6
-24262.7
-24259.6
-24262.4
-24259.5
-24255.5
-24259.4
-24260.2
-24260.8
-24255.1
-24253
-24251.2
-24256.5
-24254.4
-24256.2
-24255.7
-24249.6
-24255.5
-24260.4
-24256.6
-24255.5
-24252.2
-24252
-24246.5
-24249.2
-24259.7
-24257.6
-24259.5
-24258.7
-24255.8
-24256.3
-24254.9
-24248.6
