683.138
698.501
704.364
701.511
700.145
707.922
694.317
698.386
697.37
688.577
687.768
707.103
700.036
703.68
688.615
706.798
700.198
700.086
696.15
695.865
687.254
700.956
694.557
703.339
689.411
705.7
698.524
700.326
699.45
701.142
690.811
698.156
686.166
706.298
698.675
710.676
691.207
698.576
702.938
697.685
694.672
708.633
692.773
704.589
698.093
708.428
695.619
695.982
704.634
706.12
692.75
701.053
693.163
697.464
698.647
703.286
687.562
698.354
698.373
693.147
700.905
687.739
702.858
698.024
699.013
696.285
704.917
703.326
691.929
698.999
710.169
703.872
694.634
712.691
699.426
688.162
694.114
693.885
709.698
705.777
692.047
696.324
695.98
689.373
704.025
700.009
700.969
696.52
699.829
705.17
698.293
708.726
694.794
701.294
695.427
695.027
693.845
700.046
696.832
693.637
