-192076
-192076
-192076
-192072
-192076
-192075
-192079
-192072
-192068
-192067
-192055
-192043
-192030
-192022
-192010
-192002
-191996
-191990
-191979
-191966
-191955
-191942
-191926
-191915
-191902
-191893
-191884
-191873
-191864
-191853
-191841
-191824
-191810
-191795
-191779
-191766
-191752
-191740
-191728
-191717
-191703
-191690
-191674
-191658
-191642
-191624
-191609
-191593
-191579
-191565
-191551
-191537
-191521
-191504
-191516
-191723
-191848
-191887
-191886
-191891
-191884
-191877
-191867
-191880
-191866
-191861
-191869
-191873
-191870
-191869
-191871
-191871
-191865
-191854
-191844
-191832
-191826
-191812
-191818
-191819
-191825
-191815
-191822
-191813
-191803
-191798
-191806
-191798
-191789
-191788
-191791
-191779
-191768
-191762
-191752
-191745
-191752
-191792
-191811
-191808
