-186894
-186863
-186826
-186772
-186771
-186794
-186795
-186774
-186757
-186753
-186750
-186745
-186732
-186724
-186716
-186709
-186699
-186689
-186678
-186668
-186658
-186645
-186632
-186618
-186609
-186598
-186587
-186574
-186560
-186547
-186532
-186521
-186508
-186494
-186479
-186466
-186452
-186437
-186421
-186409
-186395
-186378
-186365
-186349
-186333
-186316
-186301
-186287
-186326
-186458
-186513
-186560
-186559
-186549
-186538
-186549
-186543
-186530
-186523
-186537
-186528
-186509
-186493
-186509
-186505
-186493
-186476
-186469
-186504
-186498
-186484
-186473
-186463
-186476
-186460
-186448
-186434
-186433
-186435
-186419
-186403
-186394
-186381
-186364
-186349
-186341
-186361
-186382
-186369
-186390
-186390
-186406
-186411
-186397
-186387
-186378
-186363
-186374
-186379
-186419
