371.797
407.547
411.47
402.533
394.543
396.679
401.944
403.153
401.016
397.587
399.974
399.152
399.847
399.68
398.043
400.925
398.229
401.818
399.018
400.788
398.723
400.792
401.212
398.906
399.594
400.454
399.498
400.114
398.772
401.653
398.724
397.978
400.934
399.559
402.106
402.472
399.151
400.318
398.575
400.163
401.4
400.237
398.61
399.162
399.796
400.599
398.896
398.793
401.903
402.079
398.553
400.206
400.44
400.406
400.414
403.49
399.21
401.357
400.292
401.326
401.498
402.132
400.745
400.714
402.028
400.094
400.497
398.34
400.051
400.382
400.856
400.256
400.027
398.95
397.41
401.327
400.907
402.487
397.909
399.598
398.98
398.338
398.939
400.776
400.381
400.22
399.657
400.044
400.336
400.152
400.874
400.162
401.673
400.327
401.077
399.768
399.895
399.479
399.498
401.605
