18.7228
19.1737
19.7725
20.1156
20.2031
20.4171
20.4825
20.4939
20.2589
20.1686
20.2704
20.2475
20.1925
19.8959
19.8471
20.0282
20.1689
20.1219
20.1465
19.9552
20.1681
20.1224
20.0438
20.0477
19.9551
20.0611
20.0423
20.1321
20.1478
20.0922
20.0862
20.1618
19.8596
19.9323
20.0867
20.2131
20.0385
20.1942
19.9333
20.1931
20.191
20.0091
20.1087
20.063
20.0561
19.9393
20.0401
19.9736
19.9937
19.9791
19.9392
20.0929
19.9821
19.9955
22.5184
22.8326
22.6211
19.9556
19.6141
19.8146
20.1848
19.8833
20.2104
20.4842
20.0246
20.0287
19.7068
20.0667
20.4108
19.8191
20.0426
20.0333
20.029
20.2012
19.8334
19.94
20.0832
20.1669
20.3697
20.6406
19.9128
20.2016
20.3616
20.1604
19.9964
20.0025
19.7652
20.1846
19.9575
20.3429
20.3271
20.0561
19.9533
19.7585
20.0363
20.096
20.6863
20.6127
20.3096
20.0377
