-24987.5
-24969.2
-24967.2
-24966.8
-24964.3
-24964
-24961.7
-24960.5
-24959.5
-24957.9
-24957.2
-24955.2
-24952.7
-24951.8
-24949.6
-24948.6
-24946.4
-24945.2
-24943.3
-24940.9
-24938.9
-24937.1
-24935.2
-24932.8
-24932
-24928.6
-24927.3
-24924.8
-24922.8
-24920.9
-24919.1
-24916.5
-24913.9
-24912.4
-24909.5
-24907.4
-24904.6
-24903
-24900.5
-24909.8
-24908
-24921.9
-24926.1
-24923.5
-24921.8
-24919.7
-24918.8
-24915.4
-24913.9
-24912.1
-24908.7
-24906.5
-24910.7
-24914.6
-24911.8
-24919.2
-24918.9
-24915.9
-24914.7
-24912.7
-24910.3
-24908.2
-24905.5
-24903.2
-24902
-24899.4
-24896.6
-24895
-24892
-24899.7
-24899.6
-24898
-24906
-24904.6
-24902.8
-24899.1
-24897.6
-24895.3
-24893.4
-24899.3
-24898.4
-24895.7
-24894.2
-24899.1
-24898.8
-24895.9
-24894.3
-24892.2
-24890.4
-24887.8
-24885.1
-24890.8
-24890.2
-24888
-24894.8
-24899.8
-24899.2
-24896.1
-24895.1
-24892.1
