-25689.1
-25692.8
-25688
-25680.3
-25679.5
-25681.4
-25683.3
-25678.9
-25674.3
-25672.4
-25673.2
-25673.6
-25671.8
-25668.1
-25664
-25662.4
-25661.1
-25660.8
-25659.9
-25658
-25654.8
-25651.5
-25649.5
-25648.4
-25647.9
-25646.3
-25644.5
-25641.5
-25638.5
-25636.5
-25634.9
-25633.2
-25630.6
-25628.3
-25626.3
-25625.1
-25623.1
-25620
-25616.9
-25615
-25613.2
-25610.8
-25608
-25605.1
-25603.5
-25602
-25599
-25595.7
-25594.2
-25592.6
-25623.7
-25643.7
-25649.1
-25648.3
-25648.4
-25645.8
-25643.3
-25642.4
-25640.9
-25638.5
-25635.6
-25634.3
-25632.4
-25630.6
-25628.6
-25627.6
-25625
-25626.2
-25629.6
-25627.5
-25626.3
-25631.2
-25629.7
-25628.7
-25627.2
-25625.8
-25627.7
-25629.2
-25635.9
-25635.6
-25634.8
-25632.8
-25631.8
-25629.7
-25628.8
-25626
-25625.5
-25623.3
-25621.4
-25628.9
-25631.5
-25630.1
-25629.3
-25630.8
-25635.1
-25638.4
-25640.9
-25640.1
-25638.7
-25637.6
