22.7045
19.2546
20.4369
19.3576
19.7512
19.4171
19.676
20.5899
19.6655
19.6397
20.0723
20.4952
19.7821
19.9676
19.9113
19.7896
19.9219
19.6937
19.9141
20.144
20.2804
19.5932
19.4546
20.022
19.7578
20.0034
20.1067
19.9123
20.0862
20.1355
19.7556
20.0441
20.0557
20.0218
19.7277
20.4832
19.7899
19.7559
20.1158
19.9867
19.6403
19.334
19.8939
19.8695
19.6497
20.1474
19.8961
19.9663
20.1781
19.9716
27.9045
22.4968
21.1822
20.1262
19.8157
20.8234
19.6648
19.6828
19.7595
19.9932
19.8062
19.9474
20.491
20.1661
20.0026
19.5798
20.1455
21.33
20.54
20.0413
19.5285
21.5421
20.0772
19.6398
20.6736
19.3058
20.0146
21.6188
20.0224
19.9005
20.3875
20.4068
19.9621
20.1359
19.9255
20.0775
19.6082
20.2467
19.718
21.5247
19.8905
19.415
20.1161
20.4195
20.491
20.2353
20.2969
20.1699
19.7723
20.0341
