-127.72
-120.754
-114.643
-108.886
-103.111
-96.7077
-91.8816
-86.5718
-81.5471
-76.3953
-71.4985
-64.618
-60.419
-54.3415
-50.2791
-46.5237
-40.749
-37.6337
-34.8555
-31.4481
-28.8562
-25.3417
-22.5782
-20.0719
-17.1162
-14.4501
-12.8643
-10.9734
-9.1179
-6.91108
-4.32418
-2.64704
-0.749628
0.918077
2.09976
3.86015
5.46341
7.32525
9.13436
10.7795
12.3368
13.535
14.6573
15.9802
17.4014
18.7679
20.0615
21.26
22.3557
23.1092
23.9457
24.6871
25.3429
26.1882
27.473
28.09
28.8718
29.741
30.1775
30.8986
31.2097
31.7773
32.354
32.7674
33.144
33.7556
34.2934
34.9762
35.4469
35.776
36.1828
36.6849
37.0347
37.2529
37.6873
37.9972
38.3259
38.5074
38.7241
38.9055
39.3207
39.4475
39.6451
39.851
40.3018
40.4925
40.6627
40.8684
40.9581
41.0899
41.2884
41.6351
41.8307
42.2775
42.4564
42.515
42.742
42.8436
43.0282
43.0671
