-127.703
-127.703
-127.703
-127.703
-127.703
-127.703
-127.703
-127.703
-127.703
-127.703
-127.703
-127.703
-127.703
-127.703
-127.703
-127.703
-127.703
-127.703
-127.703
-127.703
-127.703
-127.703
-127.703
-127.703
-127.703
-127.703
-127.703
-127.703
-127.703
-127.703
-127.703
-127.703
-127.703
-127.703
-127.703
-127.703
-127.703
-127.703
-127.703
-127.703
-127.703
-127.703
-127.703
-127.703
-127.703
-127.703
-127.703
-127.703
-127.703
-127.703
-127.703
-127.703
-127.703
-127.703
-127.703
-127.703
-127.703
-127.703
-127.703
-127.703
-127.703
-127.703
-127.703
-127.703
-127.703
-127.703
-127.703
-127.703
-127.703
-127.703
-127.703
-127.703
-127.703
-127.703
-127.703
-127.703
-127.703
-127.703
-127.703
-127.703
-127.703
-127.703
-127.703
-127.703
-127.704
-127.704
-127.704
-127.704
-127.704
-127.704
-127.704
-127.704
-127.704
-127.704
-127.704
-127.704
-127.704
-127.704
-127.704
-127.704
