-127.705
-127.714
-127.722
-127.721
-127.707
-127.675
-127.635
-127.598
-127.568
-127.541
-127.511
-127.476
-127.442
-127.418
-127.407
-127.403
-127.402
-127.4
-127.397
-127.393
-127.387
-127.381
-127.373
-127.364
-127.357
-127.351
-127.347
-127.343
-127.338
-127.334
-127.33
-127.328
-127.326
-127.324
-127.323
-127.321
-127.318
-127.315
-127.312
-127.309
-127.306
-127.303
-127.3
-127.296
-127.293
-127.291
-127.289
-127.286
-127.282
-127.277
-127.271
-127.266
-127.263
-127.261
-127.26
-127.26
-127.26
-127.258
-127.253
-127.244
-127.232
-127.221
-127.214
-127.211
-127.212
-127.212
-127.212
-127.209
-127.204
-127.198
-127.19
-127.183
-127.175
-127.166
-127.159
-127.154
-127.152
-127.151
-127.15
-127.148
-127.146
-127.141
-127.135
-127.126
-127.113
-127.101
-127.09
-127.082
-127.077
-127.076
-127.077
-127.078
-127.078
-127.077
-127.073
-127.067
-127.059
-127.051
-127.044
-127.039
