137.483
224.109
269.096
210.219
172.131
141.917
157.724
179.193
215.332
209.155
173.809
150.306
180.35
194.155
219.022
215.257
184.188
143.441
141.214
156.963
171.973
194.343
204.173
190.019
177.567
187.943
191.912
176.991
176.296
156.718
153.695
151.526
162.075
179.934
190.927
187.721
173.376
186.849
193.301
191.882
187.925
171.493
174.222
179.21
177.149
197.171
197.63
183.92
176.686
180.123
182.259
189.213
186.517
187.349
182.357
169.438
165.343
168.394
185.13
180.782
177.1
176.655
169.297
178.531
180.908
179.957
179.206
180.349
182.079
170.471
189.751
194.899
178.43
187.086
186.711
182.023
174.136
171.912
172.097
173.653
172.982
171.557
180.412
181.784
184.263
183.201
183.245
184.489
186.944
181.356
183.363
186.862
180.994
176.107
175.087
179.934
175.995
187.216
192.513
187.917
187.392
184.732
175.74
180.449
180.213
174.734
177.154
170.023
172.912
188.168
186.063
180.46
182.289
187.59
179.33
180.103
177.438
184.119
170.827
188.495
182.601
183.309
185.089
179.269
188.456
182.785
180.229
177.796
185.552
191.403
183.778
181.236
173.166
175.151
185.7
184.322
176.734
182.019
184.853
187.944
184.732
175.166
175.951
177.424
183.131
182.056
181.455
182.621
186.768
187.705
186.713
182.654
185.164
179.84
174.011
177.093
177.183
181.602
169.722
183.891
182.441
179.635
187.576
188.332
183.452
171.038
182.97
189.579
184.964
188.058
189.512
172.299
181.74
177.337
188.222
182.76
180.719
189.894
177.136
176.406
184.755
181.384
172.499
186.746
189.975
190.786
179.563
177.984
175.216
182.442
181.466
184.877
182.96
184.462
180.598
184.429
179.659
187.726
183.312
191.349
188.764
184.705
182.141
183.847
190.73
190.342
179.347
185.263
187.711
182.43
180.764
189.909
191.637
184.395
179.179
181.87
179.593
175.949
179.258
186.926
182.974
194.245
183.199
178.067
175.873
192.753
192.886
186.9
187.607
185.784
183.777
191.042
189.013
183.742
182.166
182.546
184.317
187.197
178.625
179.316
185.828
186.694
191.72
185.049
189.861
178.737
186.759
183.399
185.18
192.988
178.409
173.845
182.148
189.47
180.305
192.316
188.461
189.574
190.041
185.356
180.392
181.817
191.193
187.541
182.6
176.26
184.262
191.557
186.326
183.449
181.574
177.46
186.252
182.762
193.969
186.289
183.861
187.212
184.996
184.547
190.89
191.251
179.506
180.671
189.978
180.55
174.58
185.942
188.895
184.685
181.378
180.595
186.873
193.795
189.283
183.364
186.498
178.475
183.509
185.299
181.363
190.017
184.457
179.978
185.236
193.438
191.242
176.11
181.568
188.718
192.431
184.278
183.99
188.919
179.328
183.035
194.455
189.579
184.865
177.696
188.323
186.307
179.816
178.654
179.536
178.695
183.256
193.012
179.757
188.759
198.834
177.024
178.969
186.8
184.844
188.47
183.762
194.484
186.632
187.176
183.259
178.612
177.715
183.727
185.972
178.773
188.418
187.82
183.346
188.137
175.771
186.379
191.935
190.416
173.445
192.28
193.552
182.135
185.972
182.915
185.24
182.841
190.862
183.999
181.811
184.38
188.301
187.025
178.58
188.732
177.304
192.628
194.749
173.847
189.914
180.878
179.769
188.281
183.246
192.814
186.442
187.723
185.792
183.274
182.847
192.899
182.789
179.878
177.943
187.468
181.654
183.963
190.374
193.713
178.532
186.679
188.862
180.828
178.781
188.122
190.584
187.411
183.4
185.972
182.858
187.217
184.32
182.11
192.304
180.636
184.877
187.624
180.796
191.82
188.951
177.905
185.154
174.506
190.06
181.968
195.729
182.863
181.298
186.766
179.968
179.968
183.888
190.77
190.978
185.131
191.627
182.534
187.381
183.241
179.661
179.925
180.124
184.249
186.329
189.007
179.322
189.387
182.852
193.582
183.096
191.739
182.44
193.135
187.874
191.622
171.334
181.837
182.168
188.682
182.159
178.624
186.745
185.134
180.465
190.309
191.442
181.167
183.051
185.905
182.304
180.712
183.24
187.239
186.846
187.795
193.235
182.899
179.206
185.226
181.645
184.795
202.151
192.501
174.906
179.553
190.559
193.741
187.768
176.676
181.183
182.503
181.811
182.31
184.157
185.576
192.108
186.49
189.893
192.613
181.464
185.26
182.072
181.601
182.182
184.755
179.105
180.386
186.205
178.79
183.822
192.272
190.25
192.115
185.586
184.271
180.345
180.995
185.094
194.801
183.513
176.007
178.65
185.307
190.101
193.044
182.706
183.733
184.573
183.898
185.912
179.338
183.86
188.524
186.677
181.001
182.348
189.603
180.673
186.009
188.029
182.657
185.522
181.972
196.753
189.977
181.948
189.205
173.716
178.895
194.384
183.38
184.191
189.963
179.945
187.956
172.829
192.387
192.579
182.349
193.069
178.316
179.17
184.309
186.822
187.563
192.766
167.678
181.549
186.717
186.142
193.376
186.997
185.035
186.001
182.772
191.265
179.856
187.159
181.095
179.859
185.647
196.909
179.721
182.673
186.007
192.952
184.293
182.032
193.636
179.588
173.724
182.072
186.256
184.88
187.569
187.6
192.926
186.34
185.384
182.088
189.448
188.351
186.528
179.188
181.659
182.922
185.617
191.4
190.418
187.933
181.35
179.043
182.232
186.604
184.602
171.401
185.789
188.495
190.136
179.653
183.981
184.119
183.171
188.735
186.658
194.793
192.078
180.283
184.987
180.287
178.894
185.63
185.953
184.799
185.871
187.855
188.168
173.296
190.263
186.104
178.57
187.374
183.216
186.746
186.352
183.37
190.186
181.965
183.262
175.167
189.697
183.594
184.935
194.706
194.469
181.492
178.2
176.595
187.981
185.066
184.888
191.402
179.183
180.684
183.934
180.951
183.571
190.518
179.595
186.017
188.788
191.359
182.614
177.401
184.891
185.322
187.318
187.344
181.745
193.347
179.551
182.833
188.722
191.181
181.836
177.037
185.445
192.202
192.03
186.86
180.756
186.351
175.197
186.708
186.35
183.387
184.111
188.829
182.656
182.191
185.279
193.903
187.344
180.891
176.727
191.293
194.765
179.064
187.562
183.094
194.429
184.154
181.389
185.517
176.321
190.539
180.171
184.679
185.17
191.443
180.878
182.978
182.418
186.501
197.695
186.301
172.328
181.443
179.94
187.863
188.198
181.215
195.275
187.713
191.471
188.748
169.614
184.571
196.2
190.143
180.194
179.033
183.989
185.689
176.234
187.438
188.688
175.985
181.016
195.3
181.953
187.202
177.925
190.897
193.891
178.345
180.97
173.737
191.08
194.661
188.674
189.819
181.411
181.974
186.208
188.6
185.06
182.583
181.055
186.935
183.893
187.713
177.874
179.571
183.309
184.677
189.897
193.265
183.082
182.867
176.304
183.576
182.699
192.571
192.531
181.477
179.741
190.253
187.056
188.152
182.653
185.876
183.654
183.649
183.087
186.494
178.743
185.897
189.862
185.552
186.343
177.845
183.868
193.295
185.368
181.001
185.534
178.991
188.103
188.65
180.751
183.922
182.26
189.751
183.153
188.422
186.804
176.203
182.58
185.3
185.284
181.788
178.415
184.339
191.002
181.979
180.962
193.486
188.12
189.203
172.88
181.132
182.965
190.577
186.01
188.963
186.64
177.992
188.66
192.244
187.678
179.392
181.053
190.044
187.504
184.574
181.648
185.624
184.692
183.489
185.728
181.25
178.435
191.474
188.642
182.636
185.5
190.172
184.747
184.705
184.475
191.445
186.688
183.643
175.97
187.716
182.087
183.069
183.956
193.638
185.926
180.356
180.377
192.137
184.684
190.547
188.787
184.11
178.693
187.937
182.967
184.849
175.798
180.243
195.522
189.824
183.27
192.741
176.35
187.06
190.34
192.936
180.177
175.471
185.316
188.672
181.361
188.446
192.692
180.93
176.155
185.65
187.954
191.355
181.749
178.695
184.241
182.856
191.469
190.097
182.848
177.581
188.102
178.901
177.031
190.96
184.645
191.825
178.258
184.281
180.276
190.206
188.954
182.911
179.181
185.015
188.699
184.12
188.404
185.218
184.766
186.827
176.268
189.482
178.387
191.27
187.27
178.399
184.343
182.592
190.974
185.262
175.509
191.027
181.189
185.476
182.788
191.982
188.937
184.47
186.294
187.193
180.983
183.885
190.475
183.696
183.481
187.633
183.356
180.571
185.253
181.645
187.208
186.018
178.354
187.707
189.107
180.102
188.359
192.593
188.715
190.399
181.962
172.167
172.24
182.512
195.412
189.396
179.944
179.821
188.574
200.667
191.135
179.897
179.145
186.348
184.045
177.504
182.723
185.378
173.622
188.895
195.634
184.982
186.081
185.218
189.054
186.734
193.407
181.156
185.241
189.173
182.421
183.895
181.836
