223.596
209.859
141.459
178.575
208.006
149.734
193.59
215.056
142.701
156.241
193.234
188.235
187.448
176.148
155.917
151.609
180.242
186.629
187.013
191.488
169.208
177.677
196.615
182.107
179.404
188.274
187.784
169.401
166.284
176.861
173.237
175.22
179.965
181.773
169.681
192.019
184.388
180.738
173.467
175.669
168.958
176.967
180.762
187.201
177.28
189.488
170.062
177.862
186.322
188.367
184.17
186.973
177.145
171.331
184.902
178.425
188.019
182.522
172.864
193.73
179.618
179.576
174.415
180.446
188.171
184.817
176.571
186.075
174.16
184.021
179.589
177.167
193.53
175.404
187.587
181.979
173.985
186.18
173.49
182.827
179.21
184.679
180.062
182.706
190.252
174.884
182.178
182.249
188.769
174.158
179.494
182.045
183.871
184.23
180.895
176.314
171.026
175.082
183.208
175.174
183.341
178.859
172.573
186.075
186.026
176.294
178.791
180.578
178.212
183.035
172.173
183.727
179.352
187.152
181.257
183.434
177.795
178.338
179.416
179.321
179.459
184.209
174.542
176.345
179.717
185.883
180.451
176.864
176.238
184.415
176.554
190.034
181.468
180.291
175.856
174.696
186.192
181.237
172.028
184.495
179.483
181.187
182.694
177.179
175.685
184.623
181.643
178.087
176.766
180.761
182.861
182.072
175.786
184.652
184.695
176.169
182.55
182.46
166.273
185.171
181.093
185.846
165.122
183.336
175.54
191.864
187.286
177.731
175.047
189.504
179.943
188.06
178.592
190.877
182.218
182.565
175.591
187.267
185.374
182.977
172.851
185.186
185.688
172.961
191.118
176.828
182.53
182.049
185.342
180.729
183.096
185.51
183.421
173.941
182.769
173.615
183.682
186.345
177.063
178.857
170.232
190.049
185.038
183.746
183.047
174.333
184.602
173.647
186.589
174.427
181.493
189.332
181.833
174.212
188.052
171.171
179.045
182.421
184.248
181.654
177.928
183.305
179.909
180.656
173.124
172.592
185.062
183.6
177.273
175.323
181.836
171.47
183.349
185.139
175.235
187.748
174.924
180.017
182.684
179.414
184.602
183.941
173.602
187.634
181.01
188.896
181.485
180.927
181.624
181.68
181.38
179.27
182.113
189.773
173.449
179.591
185.067
184.332
183.716
169.881
176.229
179.97
189.376
169.044
180.881
178.617
182.87
181.29
187.905
171.524
176.816
182.548
176.866
173.103
180.16
185.422
185.148
181.152
184.022
183.837
175.457
179.304
175.622
180.453
173.345
188.015
187.315
180.865
172.091
194.319
181.262
176.891
180.31
180.48
182.716
181.986
177.168
185.615
175.415
186.216
180.853
186.877
185.92
174.418
180.015
191.371
180.393
180.964
183.538
176.305
188.735
180.31
188.982
181.837
184.696
173.689
179.644
178.374
175.128
178.736
177.91
175.272
189.858
179.065
179.03
184.923
176.423
177.912
184.524
178.721
185.508
181.312
183.184
175.994
192.073
179.659
173.011
188.711
186.176
179.166
183.463
181.807
179.808
184.184
180.064
181.031
187.204
172.432
182.551
179.35
182.92
177.763
189.569
173.072
181.864
185.243
177.306
181.138
185.274
174.508
188.369
178.927
182.589
170.979
182.122
178.615
177.383
183.401
181.78
187.657
169.585
188.171
179.027
177.88
183.27
182.901
179.083
181.49
179.614
180.867
182.862
168.314
184.05
181.369
183.317
187.454
172.343
178.361
173.372
178.554
191.802
175.099
183.979
174.151
177.208
184.278
175.651
184.425
182.322
188.189
178.348
187.08
182.148
180.742
170.64
180.635
181.489
173.517
192.244
174.79
188.098
176.268
173.953
180.41
186.763
177.843
181.596
178.24
175.875
182.436
184.192
182.08
183.343
185.057
178.385
186.612
175.576
186.936
178.24
181.425
180.129
182.986
183.078
185.353
182.582
181.421
181.268
179.765
185.194
184.495
177.383
176.426
181.011
185.975
180.679
189.327
175.807
178.226
176.703
189.429
177.167
180.609
177.135
183.581
177.979
180.749
180.951
181.463
176.394
173.86
188.986
180.352
181.247
182.788
173.806
190.569
183.27
190.934
177.554
183.106
186.083
183.563
184.466
178.238
186.696
179.581
186.396
182.503
181.545
190.74
176.549
190.135
182.047
175.558
181.545
181.364
193.764
185.06
180.524
186.732
185.329
187.163
185.444
181.047
179.259
189.918
182.599
179.229
190.259
180.076
183.57
185.251
184.696
180.412
190.459
183.071
184.613
192.37
181.62
184.37
182.768
183.777
178.395
179.043
188.592
189.213
187.967
173.536
191.766
189.441
176.713
188.517
181.512
185.61
182.405
188.144
178.989
193.692
182.033
180.06
185.293
180.525
183.977
185.638
187.169
189.26
179.416
175.056
185.977
187.929
185.309
190.36
184.113
178.634
188.974
180.757
187.618
183.419
194.207
181.186
177.232
180.531
176.307
178.619
184.801
179.099
177.807
186.679
186.969
183.033
188.035
184.664
177.514
185.191
185.376
182.493
184.242
184.345
176.481
187.129
183.931
187.595
188.586
180.67
175.9
179.514
197.484
175.619
179.845
187.029
178.216
179.936
182.434
184.669
182.14
190.88
181.846
179.447
189.559
184.347
189.875
179.934
178.809
181.594
186.399
183.36
182.6
189.313
188.839
182.595
182.724
185.678
183.499
184.003
176.092
181.024
181.569
189.951
187.856
189.286
179.577
182.712
180.394
191.075
191.495
184.485
180.314
183.506
179.221
192.041
182.102
178.252
180.197
180.373
187.009
183.803
176.91
191.973
186.617
173.223
183.277
185.74
181.132
187.027
185.237
191.245
180.661
187.77
191.186
178.824
183.825
180.011
181.116
184.858
187.953
185.99
176.456
182.17
183.642
181.627
184.491
187.466
186.83
189.2
182.318
177.017
189.655
189.961
184.414
176.844
196.894
181.105
174.655
187.82
175.928
190.286
177.766
189.424
171.114
191.839
185.174
189.2
181.652
180.975
187.025
180.677
183.136
186.041
184.308
181.436
172.728
188.073
191.922
185.208
180.727
178.073
191.124
181.695
179.311
189.383
183.858
182.682
178.158
181.076
196.496
184.575
183.944
184.272
177.527
183.069
177.355
184.541
185.866
187.134
186.776
176.299
176.286
189.149
178.52
193.19
183.294
182.525
180.061
194.734
185.248
184.855
179.244
181.472
193.033
181.204
185.353
187.983
176.477
183.226
182.585
180.849
187.765
191.543
180.694
183.755
187.829
184.436
186.727
175.603
182.297
192.394
186.267
192.568
182.601
180.346
188.826
174.658
179.119
187.285
183.562
183.823
173.734
183.925
191.485
185.612
181.609
187.387
188.016
189.667
180.889
178.608
182.135
186.629
185.854
178.243
191.824
189.496
184.816
181.726
189.944
188.223
178.063
192.003
177.675
189.254
186.892
184.049
187.516
178.061
181.347
183.604
189.322
183.563
186.096
188.463
181.878
176.743
182.645
191.04
177.655
190.441
187.112
183.455
182.892
181.961
189.294
187.435
175.53
188.542
181.653
179.961
186.228
187.157
183.838
190.367
183.851
177.698
184.951
181.02
193.494
177.337
185.872
175.277
196.138
187.665
182.602
178.633
177.471
186.62
199.281
178.167
182.201
185.85
176.463
194.298
175.987
174.813
177.504
188.848
178.911
182.504
191.321
189.384
187.489
178.752
174.937
175.975
181.894
183.415
189.621
187.891
182.507
178.255
177.054
185.686
187.079
190.406
177.439
181.734
188.634
185.43
182.979
185.678
186.295
183.116
183.324
185.227
178.56
184.063
189.324
169.056
194.267
181.486
181.416
175.922
190.943
180.91
188.126
183.631
185.042
181.683
185.765
186.974
183.743
188.515
179.129
183.198
182.856
192.114
184.611
197.512
172.83
183.476
185.531
185.88
178.246
186.946
180.42
192.161
180.404
184.115
176.276
192.612
190.193
185.9
180.821
181.062
174.787
184.407
176.743
188.933
181.932
180.173
187.967
179.763
188.435
188.155
178.916
192.536
185.685
183.596
183.685
179.89
180.105
178.644
193.139
178.409
189.213
174.49
185.251
185.297
178.38
187.284
185.154
185.143
183.582
180.66
198.559
174.968
183.512
186.498
175.74
184.346
190.158
181.643
188.889
176.758
179.631
189.919
182.305
177.853
188.482
186.635
185.65
173.538
189.993
184.345
182.566
179.194
189.326
191.342
180.405
188.921
170.172
187.432
181.971
190.552
178.078
186.462
184.155
176.038
181.953
186.677
189.939
176.907
189.732
177.805
186.835
186.081
188.588
184.371
184.037
179.172
184.907
180.933
180.409
186.405
190.9
173.904
184.191
186.891
188.122
178.097
187.992
178.095
186.776
183.726
188.055
187.012
177.019
176.133
184.454
181.119
191.359
173.976
178.632
182.277
191.535
187.772
184.001
190.977
179.146
183.572
181.992
188.539
