176.499
274.009
210.125
157.239
149.766
179.035
219.679
185.211
150.149
186.222
213.904
215.203
166.836
138.312
156.786
180.894
202.097
189.555
180.672
192.577
176.742
170.734
153.581
151.516
165.022
190.239
187.47
174.418
192.477
191.826
183.696
169.048
178.686
183.239
199.867
183.32
179.835
178.919
189.235
187.057
184.623
168.851
164.76
180.03
179.503
181.027
167.927
177.568
180.979
179.154
181.294
178.082
180.331
194.685
177.914
187.293
182.259
172.36
172.011
172.433
173.346
176.597
180.97
186.32
182.249
184.685
185.582
178.142
186.374
182.528
174.489
177.533
179.543
189.602
189.963
183.115
181.409
176.953
178.842
182.401
169.599
178.286
186.991
181.111
185.205
180.437
181.533
180.621
169.09
186.379
176.473
188.191
180.127
188.208
176.596
179.993
186.769
187.24
175.308
180.327
183.934
177.413
175.528
184.401
188.033
180.735
175.917
172.986
174.48
188.964
187.345
183.229
179.759
184.515
186.56
180.122
180.774
175.15
178.619
187.216
177.544
181.676
189.617
174.88
184.879
183.056
186.244
184.286
176.367
185.431
171.479
185.662
181.264
180.677
177.635
191.854
185.668
182.811
183.159
179.471
179.439
173.46
180.404
188.926
175.802
174.543
181.272
184.102
173.618
183.684
181.556
190.772
183.706
182.769
179.445
183.166
176.039
185.852
182.707
187.041
175.264
175.57
181.438
185.59
185.323
179.727
177.725
184.673
181.091
186.584
177.276
178.539
184.347
179.593
183.222
179.069
178.458
180.136
190.291
177.026
182.334
176.288
184.971
186.068
187.752
177.847
183.238
181.475
178.662
182.52
182.049
165.224
186.71
190.677
181.569
174.856
199.182
184.594
175.116
182.617
179.637
179.233
185.974
178.474
170.47
183.122
182.603
186.139
180.18
183.471
192.073
178.495
185.239
171.099
180.404
186.259
190.506
182.241
175.113
188.346
175.391
182.672
177.879
188.022
183.612
183.651
182.696
187.471
178.184
177.053
184.143
173.734
179.3
184.102
185.743
178.671
183.265
183.652
178.09
184.591
174.753
179.345
183.613
187.416
177.7
177.72
184.475
182.476
191.292
179.238
179.193
176.79
189.129
175.634
186.882
178.013
190.561
184.08
180.134
171.121
175.844
177.128
189.513
174.299
182.513
186.058
187.514
184.046
188.459
189.104
173.26
177.933
187.37
178.214
180.606
183.2
183.464
183.126
181.612
174.491
181.258
190.054
177.287
184.265
177.496
182.449
183.156
175.918
176.987
186.12
180.623
181.643
190.274
185.009
180.59
185.133
175.916
174.206
186.706
176.36
181.398
184.75
184.533
183.448
188.17
183.888
182.262
183.467
180.317
193.354
186.27
190.106
181.853
188.623
177.969
187.908
186.163
183.206
185.428
182.739
183.377
185.908
185.002
182.496
190.451
183.159
182.76
181.635
178.746
190.24
190.459
186.235
178.129
187.607
183.24
189.013
183.405
175.696
195.428
183.52
182.617
183.373
185.078
175.081
191.606
187.908
179.467
189.47
180.529
189.837
185.138
183.017
181.435
187.412
190.246
187.074
179.746
182.412
186.361
184.276
182.459
180.511
182.752
184.478
193.817
184.143
187.387
181.971
179.195
186.501
187.354
184.377
183.972
189.119
192.703
178.413
183.943
174.953
188.315
184.081
188.797
187.657
185.118
178.172
192.556
183.583
178.734
178.602
196.176
181.067
190.134
184.084
189.244
178.443
175.398
190.636
189.755
190.208
182.149
180.524
181.942
191.615
183.591
189.226
171.009
182.378
189.855
189.254
181.851
181.494
183.011
185.705
182.543
181.198
192.659
179.285
186.973
186.224
185.269
181.494
183.821
183.969
188.713
180.14
186.899
185.155
189.335
178.775
191.801
180.308
178.385
194.132
179.881
192.701
179.956
191.912
177.085
181.103
187.621
183.896
185.301
179.637
189.151
182.262
178.436
190.01
193.016
184.47
184.421
187.551
176.742
183.85
181.402
191.064
180.811
190.524
179.381
184.067
191.465
185.826
183.233
185.838
182.041
180.995
178.395
177.933
195.048
182.458
178.077
190.215
195.985
173.142
190.238
179.168
192.869
175.793
187.174
191.983
183.497
183.576
184.092
190.72
171.478
193.016
184.546
190.745
178.598
187.492
184.738
189.822
185.88
176.919
185.502
185.586
181.218
185.496
179.468
188.186
193.008
177.93
185.087
180.27
185.878
178.28
192.968
189.202
188.767
177.346
177.656
187.322
189.715
181.388
185.016
184.971
190.206
180.782
194.455
179.336
186.994
172.968
184.439
191.222
182.678
182.916
188.055
176.875
186.887
195.381
176.294
183.67
182.928
183.109
185.133
178.759
189.376
189.59
179.853
188.397
183.094
183.381
184.137
183.124
184.267
186.378
186.738
189.596
191.681
174.007
186.954
185.062
184.389
180.747
183.462
182.933
181.173
188.04
185.926
186.265
176.498
177.377
193.166
184.804
186.769
189.561
183.655
191.059
187.539
177.479
185.797
188.289
183.065
184.052
187.472
188.552
178.71
179.752
173.902
189.368
191.064
184.07
190.138
178.221
190.272
188.139
182.718
173.066
194.031
181.805
188.811
176.669
187.493
188.774
177.44
189.384
194.737
172.607
178.778
193.659
183.418
191.506
176.086
186.469
191.254
189.404
182.093
180.067
183.504
181.806
185.848
184.265
189.047
181.616
177.734
192.443
184.554
179.627
186.338
182.41
193.961
187.493
191.71
172.13
184.44
186.369
181
187.289
194.245
182.903
174.064
189.174
186.034
186.597
183.745
182.182
183.778
183.476
186.666
179.843
190.003
192.479
174.335
191.624
197.472
168.029
184.245
182.917
190.136
187.467
182.107
188.884
175.635
187.894
181.648
190.149
189.254
177.383
176.953
182.26
183.853
188.262
188.992
187.545
182.785
185.239
193.642
169.518
185.091
191.44
187.264
182.776
180.871
188.405
184.58
175.499
183.484
178.097
189.67
184.114
193.167
181.244
182.996
189.842
190.404
184.327
176.673
188.08
191.491
183.074
190.123
183.636
173.603
185.692
187.593
182.732
184.875
183.34
185.538
181.059
185.3
186.19
186.977
175.678
192.154
178.301
181.202
193.349
184.927
192.248
180.555
183.576
180.89
179.945
189.201
183.783
185.623
190.112
181.395
190.859
186.103
176.388
191.958
178.474
189.446
185.048
180.408
192.647
186.599
174.754
185.272
185.221
182.597
181.653
184.784
185.194
186.169
187.63
180.772
191.828
181.662
177.196
179.853
186.379
190.764
188.442
178.632
188.585
187.335
179.568
182.645
182.398
185.932
188.113
188.051
188.798
177.051
193.321
183.068
180.093
188.398
179.761
185.958
180.341
198.766
176.923
185.596
169.801
190.446
180.457
184.466
182.986
192.061
190.125
174.011
185.815
182.545
188.099
178.853
187.441
195.499
184.337
184.096
180.611
190.835
176.031
184.131
182.591
194.465
186.419
182.019
186.271
185.033
176.775
187.87
182.913
176.752
186.779
192.119
180.766
189.043
184.991
188.731
186.057
184.624
174.987
187.203
194.984
185.529
190.804
175.828
190.408
174.188
184.4
181.453
182.62
183.755
189.173
177.441
187.321
180.495
196.755
183.917
180.078
182.786
189.651
193.014
180.457
175.065
190.63
188.595
180.636
178.906
189.152
181.498
183.977
173.724
188.869
190.286
187.175
179.568
181.327
191.641
180.074
187.347
189.493
185.263
183.546
174.468
192.239
185.26
182.508
191.257
186.23
176.75
176.105
186.659
184.859
191.189
176.7
186.26
191.949
175.491
183.758
177.939
181.581
191.059
185.366
187.246
189.323
182.473
186.545
178.985
185.482
185.68
185.774
185.657
181.952
183.678
184.041
177.478
182.426
189.301
183.239
185.043
190.263
179.355
189.564
184.533
179.441
172.424
193.395
180.61
193.049
187.304
182.834
183.384
185.279
190.429
175.545
182.754
188.081
187.603
184.584
185.245
181.253
190.674
186.472
174.055
199.036
178.369
182.18
189.337
179.46
189.883
181.395
183.732
182.271
183.166
185.021
186.882
183.892
182.379
184.397
184.751
190.465
183.722
177.064
192.489
190.507
183.564
178.098
187.098
183.89
183.951
181.867
192.822
176.769
185.39
186.317
187.97
179.201
177.521
180.891
193.341
192.373
182.849
176.562
179.645
198.113
177.365
186.856
175.764
184.47
189.816
193.387
183.863
180.588
179.788
188.259
178.778
185.212
183.315
191.429
185.865
185.3
182.468
187.953
178.217
189.035
184.193
186.931
180.833
186.192
183.426
191.302
188.483
178.139
178.003
190.37
179.38
186.736
185.687
186.128
189.982
177.544
179.899
186.942
188.107
189.195
176.213
187.105
182.994
181.802
185.338
185.719
186.682
185.692
181.724
192.751
174.929
184.359
