196.894
249.108
171.586
149.61
190.577
208.473
152.991
185.728
218.328
199.867
138.451
156.554
188.354
202.232
177.389
192.365
175.489
156.221
150.412
164.575
190.178
175.838
190.756
191.738
176.335
178.675
177.063
199.703
177.465
179.571
189.271
186.947
180.539
164.425
172.203
178.159
180.165
173.995
180.905
181.488
183.53
169.32
195.458
176.77
184.998
174.748
174.126
173.959
167.434
187.37
186.552
180.544
186.571
174.828
188.897
182.256
174.736
174.329
189.31
190.338
187.152
176.285
184.433
174.241
173.425
183.07
177.174
188.316
175.866
182.903
173.039
189.502
179.046
179.156
191.288
179.406
183.697
186.942
185.389
171.101
177.009
184.616
181.438
184.674
178.151
174.379
177.174
193.605
181.955
186.084
180.068
182.07
178.371
179.186
179.099
181.085
184.125
185.301
173.401
174.455
186.31
187.795
181.093
182.103
177.746
179.825
186.158
178.577
180.921
185.62
187.217
184.017
177.421
182.967
176.47
185.124
169.605
176.894
179.149
187.253
177.836
188.406
177.671
184.451
180.267
186.862
184.269
187.832
174.026
184.787
170.565
181.001
180.024
189.086
182.082
171.692
187.611
183.564
185.172
177.795
177.179
178.491
183.937
177.405
181.378
176.166
186.052
177.334
179.315
179.175
184.73
177.794
182.157
175.829
177.771
177.106
191.971
181.068
183.151
182.544
179.069
175.319
171.023
189.249
179.456
187.679
182.137
173.977
178.25
191.741
182.66
183.544
182.098
186.802
179.854
179.026
189.159
175.163
170.442
187.747
178.77
184.785
172.391
182.426
183.5
170.398
187.869
189.522
176.67
188.913
172.987
181.972
179.748
178.37
184.41
189.773
178.531
182.506
180.668
182.44
183.257
183.057
185.378
174.046
180.322
179.123
180.068
188.625
180.897
187.176
178.879
185.017
191.086
184.287
188.998
180.902
182.665
179.282
182.488
188.321
176.696
192.854
179.744
183.551
187.923
188.476
185.329
180.527
187.747
178.437
186.835
183.645
188.458
175.718
184.926
190.115
189.419
179.259
178.407
191.041
181.326
191.53
178.095
181.291
186.9
179.981
185.454
183.297
189.715
182.369
189.873
177.066
177.628
188.394
183.43
183.347
184.277
185.936
176.669
188.049
169.278
187.874
190.961
187.442
182.005
182.724
187.728
192.882
179.613
186.514
185.177
176.183
187.061
176.504
181.726
191.112
189.383
178.553
193.852
182.658
190.62
183.08
190.062
184.554
182.393
184.044
177.113
189.575
182.856
181.5
187.547
184.538
187.371
190.475
176.117
187.076
184.611
183.608
180.619
185.53
186.848
183.333
189.826
179.335
187.028
180.075
175.43
191.174
186.925
185.923
181.705
187.905
184.613
185.53
175.908
180.789
186.709
184.5
186.669
176.529
181.919
196.007
181.742
183.135
185.965
186.015
181.139
183.854
190.457
189.185
179.07
176.906
188.848
177.035
187.75
186.898
186.756
186.26
175.939
183.637
188.639
187.389
183.522
186.239
184.985
192.268
184.238
185.738
181.03
182.246
186.977
182.807
180.133
187.901
181.7
181.539
180.973
187.604
181.654
188.248
187.147
186.957
185.355
171.512
186.457
191.034
178.919
180.447
188.692
179.144
185.818
178.333
188.758
180.177
183.375
198.389
184.121
178.458
177.427
184.978
180.393
182.956
192.27
181.794
185.784
184.248
173.985
189.516
184.898
190.395
174.368
192.08
185.513
177.648
191.045
184.158
182.78
185.85
191.323
174.878
186.927
181.275
171.02
190.483
184.074
192.501
179.164
181.625
184.105
187.76
177.411
189.776
186.707
184.796
188.885
174.288
183.636
182.494
184.556
180.66
194.222
179.568
184.538
181.354
180.043
187.52
190.392
178.431
192.283
178.428
188.95
181.462
180.606
188.413
185.889
188.886
177.974
185.869
177.196
184.812
192.142
180.941
188.777
184.84
181.069
189.579
176.867
188.723
188.975
184.153
188.183
185.96
187.77
177.489
192.262
180.467
180.961
185.064
187.027
174.991
180.826
187.707
184.647
187.822
182.518
181.397
188.807
182.245
188.124
186.393
175.607
192.439
182.619
182.156
182.816
182.782
185.228
183.079
184.512
188.561
177.381
185.792
177.746
192.76
178.616
198.186
183.717
182.365
187.863
185.397
190.69
184.992
174.363
184.585
189.139
181.165
174.826
189.13
184.527
188.376
181.321
186.617
185.166
189.3
176.805
189.025
187.317
184.125
175.504
204.422
169.418
188.122
183.567
184.351
181.74
189.489
179.069
177.88
189.007
191.224
182.342
186.015
183.634
186.398
182.019
185.664
191.361
173.029
188.773
186.626
180.828
184.194
190.961
182.182
180.972
182.982
183.453
185.044
179.912
182.737
183.196
184.739
188.62
186.302
181.251
179.797
192.681
186.389
194.217
176.448
185.078
182.217
176.115
194.205
180.562
186.162
183.678
177.551
184.411
186.32
185.971
187.84
189.381
187.552
185.214
177.376
186.522
186.81
179.233
185.482
180.068
174.006
196.907
180.756
189.15
178.246
180.159
186.134
188.431
187.651
185.909
188.326
188.205
172.975
188.045
181.789
180.039
187.776
181.39
182.278
179.702
190.231
190.434
186.85
180.36
188.995
180.591
178.13
185.352
190.905
190.289
184.745
180.633
184.754
176.565
182.066
198.643
182.984
186.048
182.603
192.075
169.269
183.42
182.21
189.212
188.883
190.595
184.855
184.921
181.498
185.669
186.374
184.17
187.393
178.002
180.769
179.219
193.543
180.301
188.916
194.064
179.662
178.29
180.972
186.188
187.902
182.987
180.198
188.491
179.857
181.27
186.311
181.055
185.178
194.372
177.913
180.309
187.885
186.939
181.119
181.698
195.196
179.533
183.853
186.304
184.481
179.069
181.688
179.246
187.105
180.034
180.946
181.69
190.272
188.941
189.426
180.899
178.292
188.065
187.454
185.49
182.056
186.672
183.324
183.753
182.4
190.036
173.421
193.328
179.857
185.186
188.878
181.929
194.618
190.528
174.795
190.623
182.12
175.979
189.146
175.329
196.2
185.425
177.973
187.964
187.329
184.231
175.396
195.243
187.362
190.284
175.862
182.103
176.698
183.253
188.125
184.13
193.527
193.586
179.991
174.118
187.769
181.13
186.036
189.882
176.314
185.574
187.999
188.432
181.911
177.576
188.58
176.413
181.995
179.434
195.522
175.756
192.15
185.908
182.15
187.405
178.858
188
186.525
184.341
182.544
182.93
183.411
180.266
185.873
191.994
177.349
187.924
189.871
176.936
181.989
186.475
186.014
190.924
180.435
183.742
183.289
179.993
182.798
179.813
189.191
186.097
181.396
187.593
181.097
181.073
181.08
188.16
186.869
182.923
180.5
181.889
189.562
182.562
184.214
189.68
178.136
185.744
181.698
181.877
190.625
191.43
178.871
187.54
180.313
180.238
186.311
188.557
186.01
178.826
189.738
193.058
171.865
196.728
182.533
183.078
181.35
191.829
171.564
182.26
183.717
187.48
191.263
184.23
186.152
185.443
171.263
186.933
194.976
174.892
179.615
188.857
180.268
181.727
190.927
184.757
185.757
190.631
185.899
177.615
181.103
187.185
181.59
182.248
192.807
181.363
186.987
183.703
179.392
186.642
192.735
179.537
177.447
186.864
188.427
185.945
171.915
184.473
191.814
175.622
190.707
182.44
187.618
181.294
178.837
186.684
181.69
186.762
188.745
179.776
189.357
185.985
180.996
186.333
175.761
185.427
176.403
190.686
178.746
187.591
178.782
181.94
186.571
185.935
180.084
186.225
183.525
175.332
183.141
185.737
181.225
173.888
194.729
177.306
185.266
190.72
184.603
180.647
186.729
183.488
186.352
182.421
185.237
183.067
190.062
183.373
184.48
177.8
184.422
185.249
183.949
176.384
180.924
183.994
189.381
188.457
188.779
182.569
185.207
189.13
181.675
185.942
181.022
189.287
186.886
183.422
182.388
188.474
180.737
184.228
183.956
187.668
186.141
181.846
176.338
187.159
179.799
181.173
191.217
188.746
179.191
184.623
180.914
189.428
187.408
185.095
186.066
184.502
185.071
186.571
185.72
185.529
180.21
180.154
189.357
179.66
183.413
182.435
181.52
180.242
176.928
184.051
191.932
184.904
183.237
185.37
177.746
180.012
187.709
195.026
183.754
188.386
182.783
179.043
193.476
182.363
178.338
194.901
185.595
185.647
182.2
181.502
180.489
186.59
184.537
186.355
188.623
187.6
181.867
185.002
173.455
187.469
180.583
195.212
190.23
194.756
181.484
178.493
177.84
187.42
181.303
179.219
191.079
182.6
185.562
180.378
183.024
180.831
186.086
188.742
185.207
184.201
183.05
186.13
184.171
189.181
182.431
183.235
189.141
188.764
191.435
173.007
187.143
180.205
183.682
