77.2934
177.136
224.206
274.531
250.017
210.286
186.338
157.61
142.002
149.971
164.507
179.309
204.198
220.091
209.372
185.496
162.962
150.424
168.327
186.885
194.272
214.132
218.813
215.295
201.05
167.4
143.576
138.624
146.164
157.083
165.157
180.971
194.545
202.423
202.951
190.35
177.164
180.94
188.048
192.865
188.412
177.177
176.758
171.41
156.9
153.674
152.68
151.544
159.055
165.622
179.903
190.631
190.754
187.903
177.715
174.495
186.766
192.726
193.621
191.904
189.626
184.096
171.984
169.492
179.496
179.666
174.864
183.097
197.241
199.944
194.419
184.398
175.779
179.72
180.464
179.41
186.174
189.229
186.774
186.978
186.887
184.459
179.119
169.93
165.912
166.183
169.03
179.417
187.302
181.516
175.528
179.416
176.779
168.717
172.363
178.691
180.581
181.36
180.107
179.591
180.009
180.356
182.767
178.11
170.629
181.129
195.032
195.259
184.378
178.417
186.548
188.029
186.659
183.466
175.965
173.97
172.555
172.067
171.982
173.734
173.145
173.664
172.332
175.911
184.964
182.646
180.703
185.517
183.347
182.055
184.811
186.81
189.325
187.049
180.933
177.186
185.34
188.193
183.721
182.22
177.961
175.643
177.996
181.501
177.957
181.639
189.88
195.728
194.417
192.421
192.92
194.413
193.223
184.698
181.688
185.676
187.758
184.536
185.968
189.702
181.264
177.233
179.977
180.953
183.506
192.146
187.995
181.149
189.04
191.701
190.497
185.182
187.321
191.563
183.666
181.342
187.12
181.638
178.674
191.342
192.071
179.705
184.956
196.591
189.119
185.185
193.845
187.81
183.27
190.293
184.112
178.907
183.288
189.872
195.954
193.397
185.357
182.657
182.096
177.999
182.985
188.537
189.466
187.392
184.018
180.007
181.02
183.018
186.616
194.876
192.879
185.178
181.944
183.95
183.873
180.66
181.566
184.084
185.405
184.987
186.473
193.834
186.56
181.667
191.378
193.255
185.376
181.522
191.488
194.746
184.782
179.8
182.743
182.804
186.865
184.25
179.622
179.82
181.257
182.351
185.489
188.721
188.781
187.799
194.008
198.219
193.424
180.939
173.883
182.48
190.203
196.578
194.699
184.59
178.06
182.588
189.15
189.783
184.882
182.542
182.378
185.436
187.083
182.861
182.782
191.183
193.937
196.911
194.154
179.821
177.567
186.315
187.538
186.846
183.701
192.427
193.985
190.741
191.77
181.013
177.247
183.281
186.306
184.698
180.384
181.119
192.511
197.99
190.126
180.784
176.973
177.993
179.389
180.258
195.264
194.54
175.387
179.492
189.471
183.715
185.205
196.203
192.371
179.291
179.494
186.942
182.562
189.079
203.041
198.294
190.63
181.422
182.201
193.041
190.311
180.608
180.412
185.487
189.809
190.917
186.445
185.247
181.44
180.503
182.824
183.054
184.201
186.238
181.451
181.11
186.525
192.884
191.685
190.509
187.568
178.176
181.907
186.527
188.858
195.154
194.483
186.901
178.606
183.899
187.377
189.029
192.199
191.056
191.738
184.222
179.228
187.495
188.77
183.83
181.326
174.888
174.663
185.871
188.279
188.497
197.906
199.862
188.469
175.347
181.892
190.12
183.917
183.322
189.809
189.803
185.314
187.096
186.108
181.968
184.768
190.996
192.632
185.938
182.574
181.772
185.656
182.313
188.323
193.146
187.828
185.155
183.17
187.234
188.689
180.565
180.556
188.893
194.575
190.843
187.389
191.247
185.58
183.385
188.894
189.125
189.986
190.019
186.035
175.258
176.546
186.615
193.325
187
177.432
184.146
186.684
179.405
180.479
188.577
193.498
183.128
183.69
191.179
189.231
183.268
180.05
177.245
179.697
188.105
190.475
189.037
185.221
185.51
189.214
188.316
188.039
190.759
189.843
185.561
188.786
191.718
182.437
184.515
188.992
188.821
192.304
189.655
180.138
184.004
187.267
187.309
189.722
189.05
179.596
173.295
178.671
189.103
190.381
192.029
190.361
180.824
177.261
182.627
189.838
183.739
178.618
186.777
193.118
183.199
182.215
195.555
200.963
185.741
173.322
178.211
184.688
189.877
196.002
191.336
181.37
183.498
182.433
184.981
192.71
192.737
183.852
176.524
181.184
190.191
183.487
180.046
188.167
196.231
194.403
182.727
182.08
191.698
184.451
180.77
188.874
186.774
184.454
182.954
188.062
189.791
184.951
184.314
187.154
186.012
185.152
176.381
180.337
193.734
185.02
179.597
186.081
190.337
190.484
187.238
188.986
183.418
187.318
192.22
184.678
183.572
188.448
181.406
184.129
191.147
185.058
185.227
186.827
188.955
185.07
178.516
190.508
194.311
181.341
171.254
179.976
194.992
200.371
194.429
193.1
187.409
178.269
176.254
178.031
189.584
188.457
185.837
188.587
180.458
180.558
187.922
195.307
193.308
183.202
180.199
183.203
188.496
194.864
193.14
191.451
190.73
182.409
178.634
187.697
189.815
191.042
187.305
177.911
183.857
189.512
185.988
183.305
182.817
184.863
187.584
191.507
187.265
175.281
178.205
189.633
187.066
183.513
189.108
187.12
177.596
183.505
191.926
182.203
179.531
190.565
190.724
188.237
188.784
187.044
191.323
190.662
178.527
176.843
185.987
193.405
197.739
195.343
191.863
190.09
181.003
175.744
175.417
182.047
190.672
192.617
189.092
184.337
183.329
185.145
183.513
182.646
186.632
187.95
183.148
178.501
190.089
196.809
183.98
183.081
187.098
187.598
185.583
183.144
188.062
186.662
176.937
179.362
190.997
188.644
183.842
183.02
186.848
189.594
186.813
185.456
186.659
184.977
187.753
196.515
189.504
180.977
182.752
186.881
188.665
188.769
186.927
188.122
184.429
179.892
182.22
188.66
196.47
194.082
181.642
178.208
185.697
190.096
180.38
177.618
189.215
190.286
186.852
180.843
180.124
186.431
184.765
180.411
188.623
190.175
184.572
186.193
192.897
189.058
184.717
190.828
188.722
179.714
181.305
188.652
187.132
185.563
187.703
184.858
184.414
189.089
185.536
178.207
185.775
191.661
184.564
176.077
181.058
188.308
190.154
188.878
184.147
186.302
186.858
179.815
177.464
183.891
188.443
184.887
189.259
189.886
183.843
188.361
190.252
183.195
185.746
186.209
189.18
192.265
190.809
185.412
177.436
180.932
191.427
194.817
182.759
175.679
182.591
187.523
184.222
186.083
191.803
192.341
192.244
194.586
188.985
179.575
180.353
185.771
183.648
183.154
187.212
196.12
193.691
182.551
181.284
186.949
189.127
184.879
178.507
175.369
182.103
190.866
190.139
184.578
188.533
191.261
187.392
184.509
187.979
187.398
180.528
181.032
187.262
186.235
188.088
190.793
191.667
187.543
179.17
181.559
184.207
183.311
185.868
188.557
186.22
190.503
192.644
189.429
183.743
181.722
190.396
195.173
186.073
180.052
183.26
192.465
195.168
186.237
178.225
172.047
175.641
189.355
188.995
185.127
190.183
188.032
183.942
193.996
191.974
179.076
179.414
191.241
189.006
179.294
186.356
195.788
191.573
182.977
186.297
190.942
186.986
179.704
183.05
189.025
184.338
190.085
192.934
189.37
185.561
179.72
181.336
183.542
181.514
189.861
189.432
183.937
184.833
188.215
191.491
185.997
177.181
189.227
202.748
194.05
180.805
180.774
186.792
189.395
181.55
180.802
185.239
188.198
184.621
177.39
190.403
194.512
184.01
184.494
193.303
195.478
180.512
173.132
186.215
189.527
184.655
186.993
190.887
187.079
183.852
183.91
183.599
185.451
188.954
190.469
193.564
197.008
186.507
180.122
192.651
193.539
183.906
184.506
186.973
182.603
184.775
185.945
188.083
187.577
180.961
179.913
188.912
191.52
187.216
179.61
179.206
185.368
179.119
180.364
195.493
197.502
185.823
186.334
191.735
184.42
181.943
176.805
180.5
192.586
193.711
183.561
183.902
195.64
196.907
183.879
176.424
185.74
177.887
175.498
193.025
199.023
186.499
187.158
191.956
181.201
175.3
189.863
192.515
186.007
190.476
191.84
187.854
187.358
184.171
181.494
184.48
187.494
189.971
191.199
184.214
176.952
179.102
182.945
187.014
184.602
181.325
183.764
191.465
192.093
187.071
191.201
192.931
185.408
177.114
182.533
187.172
186.166
189.283
188.469
183.266
179.971
185.136
190.35
189.907
193.145
196.423
184.122
174.192
180.136
184.449
194.3
198.662
188.274
178.424
178.804
183.665
184.753
185.197
191.528
195.493
188.721
179.818
178.416
184.065
191.357
183.074
179.036
193.489
197.286
182.943
179.896
183.921
181.053
184.466
192.331
189.404
186.12
191.534
191.22
181.533
180.581
190.804
192.01
187.344
187.977
187.997
184.627
186.395
196.392
186.762
171.653
178.582
