245.946
148.335
205.418
181.598
195.352
154.142
199.037
190.011
154.987
163.217
170.863
187.835
177.915
195.468
177.129
186.061
162.406
173.33
174.666
178.072
171.143
178.451
171.419
167.543
176.215
178.688
174.018
175.926
170.305
183.879
176.642
173.699
184.588
182.35
183.225
177.943
174.302
179.692
186.294
174.564
176.359
183.369
180.492
182.346
179.652
177.808
172.762
176.611
184.43
174.848
184.441
179.216
170.895
179.194
173.599
185.478
173.306
179.81
180.13
178.007
182.848
174.562
184.164
174.191
181.353
172.831
174.426
173.967
177.294
186.523
179.882
172.341
172.021
170.448
177.497
189.567
181.701
176.006
183.496
170.642
177.816
179.56
180.503
176.298
170.002
183.863
177.658
181.015
174.37
180.669
172.255
174.609
177.222
177.968
181.105
175.751
179.275
182.235
170.834
177.096
174.977
185.717
176.912
167.811
186.779
177.61
179.248
186.5
183.053
174.497
183.736
177.824
186.689
168.638
189.284
182.536
181.187
177.486
180.567
189.673
175.546
183.126
184.502
179.274
180.035
175.838
178.897
187.257
180.753
183.429
181.592
190.183
188.165
180.891
180.316
185.332
175.252
179.608
185.389
186.081
180.159
180.136
179.265
178.706
184.05
173.912
189.985
184.177
176.657
168.495
179.934
187.208
176.719
180.647
184.417
178.091
181.79
183.521
179.291
182.557
175.581
179.263
181.819
174.74
186.065
183.828
181.957
174.269
176.302
184.79
185.848
178.277
185.617
176.356
183.948
176.392
180.035
188.517
180.883
179.497
192.418
188.283
173.266
183.042
189.981
173.489
173.218
183.269
179.578
177.746
179.107
180.505
182.574
175.876
182.103
187.803
179.455
184.238
180.986
181.907
179.64
174.53
177.328
176.334
185.368
174.844
182.848
181.289
178.501
179.799
179.402
181.249
185.172
179.519
184.117
180.526
180.854
185.894
180.919
183.049
176.306
177.145
183.502
185.533
175.597
175.062
180.44
185.762
178.18
178.708
197.132
172.728
176.485
182.111
176.656
178.377
187.038
180.471
176.522
176.231
178.67
178.152
179.774
188.931
171.415
185.344
176.028
182.053
178.176
187.347
178.848
176.713
176.037
185.778
186.279
174.944
183.272
185.206
182.1
188.323
177.76
186.609
180.053
186.931
180.701
181.683
191.282
172.795
183.068
183.138
182.953
182.823
175.4
181.953
182.182
175.355
178.577
180.579
189.498
179.228
183.857
184.239
175.57
181.455
180.528
177.824
187.076
170.758
177.753
183.1
178.802
174.484
178.834
184.588
189.767
179.604
185.118
181.222
180.662
173.966
181.939
177.202
188.619
178.87
186.902
190.544
174.679
181.798
180.891
175.076
177.006
170.733
177.528
171.713
178.592
184.839
177.685
177.352
180.848
172.1
177.66
182.72
185.918
181.34
188.137
179.292
185.254
179.648
180.507
183.355
178.586
184.019
177.848
181.814
187.335
180.139
187.238
180.311
177.482
185.936
179.446
177.545
179.784
187.591
186.962
176.202
172.799
180.616
186.378
184.689
187.701
181.592
179.423
182.081
181.416
189.435
184.899
167.317
190.548
182.275
177.947
184.87
180.553
185.288
187.538
179.288
188.542
185.919
184.368
182.939
183.691
173.833
180.275
179.619
183.3
175.569
174.333
174.623
180.491
173.909
183.477
181.214
181.797
184.692
179.361
185.007
169.165
187.156
176.178
183
176.046
181.008
191.411
188.644
188.608
180.979
183.283
178.2
182.908
183.187
180.465
180.903
181.663
174.318
182.35
173.729
179.75
183.905
175.666
184.422
182.089
167.97
186.02
180.14
179.305
186.827
183.858
180.725
172.599
175.93
176.4
178.246
181.14
177.679
190.396
174.137
185.73
178.088
183.195
179.229
180.831
188.172
173.249
183.158
180.987
190.579
178.088
178.842
180.097
176.311
180.003
177.467
180.561
183.265
182.164
182.792
170.65
190.054
180.132
179.304
180.554
176.442
181.082
181.913
183.694
174.839
187.106
184.954
183.683
183.021
181.318
178.872
178.884
172.731
190.513
186.716
180.375
191.103
182.605
183.854
182.282
185.565
184.325
180.097
190.754
185.063
176.63
180.828
183.126
178.667
181.088
181.95
182.009
177.149
181.667
191.308
186.367
178.081
170.946
177.622
182.917
176.062
186.836
183.463
182.849
184.579
177.461
185.889
184.178
181
186.868
181.414
187.495
185.905
172.648
175.234
191.002
188.574
176.967
180.51
179.601
184.182
172.716
187.522
183.632
182.673
187.742
175.182
172.582
183.922
178.655
182.458
168.447
182.733
184.956
172.423
189.655
185.088
178.959
176.086
187.34
178.668
182.857
174.567
180.409
186.542
178.919
186.942
180.001
188.364
178.046
178.704
183.352
189.05
182.257
176.752
178.146
188.96
178.546
186.32
179.271
176.299
187.862
182.36
174.364
180.503
174.489
182.149
174.46
177.996
185.088
175.1
184.729
184.177
185.048
178.208
180.57
182.021
186.142
181.631
182.329
189.288
176.364
180.191
185.285
175.676
181.498
187.972
179.013
182.409
171.251
185.842
184.503
180.162
185.486
179.312
179.659
188.176
170.21
183.036
182.253
184.885
186.736
179.72
184.952
176.993
181.704
180.616
184.606
174.522
180.241
180.18
183.593
190.649
173.834
186.728
194.308
185.907
184.757
191.068
179.161
177.45
187.867
188.099
177.637
189.511
178.673
182.097
176.063
175.553
183.7
179.598
180.135
186.19
165.445
191.539
181.091
177.354
185.361
179.884
174.887
188.467
177.653
177.458
183.107
173.98
182.967
183.392
172.119
182.235
180.689
178.787
179.938
183.413
189.336
180.925
181.244
183.294
175.344
183.425
176.369
184.054
172.663
175.761
183.338
176.749
192.534
174.18
189.857
174.293
183.247
186.718
185.306
182.045
171.536
177.246
180.81
183.598
184.33
187.475
186.662
181.44
183.77
184.279
172.227
178.748
180.873
182.301
175.448
177.483
182.05
180.314
180.682
179.226
184.284
182.587
178.275
178.182
180.092
180.739
183.434
175.411
190.585
175.957
187.393
176.048
173.966
190.574
178.798
183.859
184.298
182.88
180.098
191.222
172.502
186.278
176.042
184.198
188.952
181.108
180.585
181.708
169.57
181.717
184.25
179.912
190.991
189.24
182.288
176.585
181.126
178.586
187.809
183.419
182.887
177.207
176.008
190.055
183.608
179.8
179.641
191.252
179.772
181.802
181.035
179.55
173.957
187.369
183.65
186.301
174.229
176.846
185.623
186.623
184.598
181.604
188.297
173.396
181.676
175.465
179.291
180.666
187.987
183.187
181.482
174.321
173.789
186.16
182.419
184.973
185.022
181.323
181.243
181.571
173.944
186.709
184.973
184.207
174.037
177.789
176.739
167.626
186.99
175.396
174.379
190.888
181.221
183.192
182.336
183.032
186.293
179.367
183.456
187.879
178.045
188.479
173.509
180.988
182.624
182.561
185.814
183.252
179.741
173.747
185.076
173.706
188.054
180.728
168.07
178.631
178.451
181.844
181.849
176.909
175.406
180.497
179.348
190.794
178.59
173.347
176.387
176.911
195.479
179.39
187.303
182.971
181.327
186.065
186.002
180.065
171.967
174.207
186.901
182.151
180.916
177.256
179.815
186.939
180.178
177.229
180.256
181.108
178.833
176.187
181.154
182.924
183.458
180.838
191.072
179.935
185.969
188.014
183.527
180.679
175.672
183.787
166.938
187.523
177.481
182.041
180.11
175.218
175.933
181.034
187.424
181.739
169.3
181.555
180.768
183.884
178.406
193.036
186.554
174.818
178.586
178.189
174.24
184.84
179.693
174.692
172.89
186.827
183.487
191.942
183.442
183.821
170.275
185.327
176.576
190.93
183.022
176.382
180.264
181.469
179.406
178.186
179.536
177.55
180.731
189.288
182.529
185.689
185.952
182.609
190.191
175.64
175.112
179.77
182.485
182.803
171.464
181.651
183.218
189.466
181.615
192.273
182.492
181.005
188.278
170.932
186.338
189.884
172.902
178.454
182.711
186.389
180.322
170.249
177.527
181.526
173.658
184.732
183.265
194.138
188.113
173.075
180.015
195.271
176.923
180.962
183.102
178.03
180.755
185.402
187.392
180.185
183.374
189.301
183.869
174.259
183.824
181.186
191.265
179.615
177.942
189.485
180.448
185.043
178.199
186.611
178.642
184.851
178.532
185.125
184.586
179.891
179.869
186.634
181.496
174.493
178.51
180.688
196.069
180.955
181.754
177.672
176.859
179.943
190.429
186.932
182.495
178.584
184.923
188.837
183.368
181.79
185.333
177.738
176.139
183.088
174.837
173.541
183.883
176.811
176.664
175.007
183.014
194.7
177.49
179.503
171.706
184.382
175.059
184.733
180.932
180.249
189.727
188.946
174.43
180.566
