265.44
140.694
213.853
148.972
215.806
141.363
171.718
185.318
188.512
155.172
157.896
183.513
193.867
165.964
174.517
179.731
181.824
187.508
161.576
174.37
173.327
180.039
176.238
188.058
183.995
172.689
168.352
175.962
180.911
175.631
181.58
170.876
187.92
179.006
180.747
171.215
174.938
180.808
183.522
180.84
175.533
178.196
185.018
180.579
184.405
169.169
170.833
175.898
182.705
179.815
185.147
177.924
172.261
181.621
171.607
180.435
174.172
176.175
177.998
180.701
183.491
179.325
173.941
178.868
172.652
188.851
174.074
183.731
183.985
186.394
178.38
184.95
176.859
183.811
178.816
179.646
175.499
179.402
182.641
173.927
175.432
182.774
180.509
182.129
176.916
177.108
190.554
177.492
179.886
172.123
179.394
183.353
185.388
176.801
191.377
181.731
182.004
177.261
187.301
179.092
173.635
175.183
183.348
180.959
175.837
179.447
175.857
180.262
169.393
186.447
176.905
182.39
178.537
179.902
187.652
175.235
170.724
179.943
177.36
182.404
172.658
174.676
189.634
181.104
175.717
175.107
187.13
181.408
178.557
176.677
181.761
176.709
183.678
179.151
184.588
173.643
183.196
182.418
175.175
179.206
184.168
170.114
172.883
176.011
179.557
181.939
175.889
178.171
177.746
178.611
183.238
183.136
191.972
171.162
177.035
180.958
183.875
169.626
181.395
192.678
188.404
190.006
175.843
186.326
180.187
189.576
184.362
183.064
182.045
187.649
178.395
185.239
186.909
184.143
177.799
186.426
185.179
180.972
191.888
176.502
181.703
185.697
175.998
190.912
176.875
189.919
182.946
183.367
172.933
184.234
186.922
180.416
185.497
171.416
183.602
181.602
183.919
181.313
178.892
183.045
189.218
182.341
176.56
180.489
182.32
181.198
181.222
180.296
192.154
177.002
189.546
180.92
184.369
184.507
190.816
186.411
175.144
188.361
180.155
171.721
182.606
182.597
179.804
189.991
189.321
185.791
178.534
185.701
181.873
183.251
182.654
188.571
186.49
182.061
180.58
173.338
179.108
189.035
178.461
190.076
186.17
175.946
187.717
180.218
175.542
178.059
175.07
183.756
185.445
183.857
175.497
185.668
175.141
179.546
193.323
178.289
177.884
185.528
181.516
182.26
188.687
180.179
176.377
181.989
184.882
182.239
185.685
180.206
177.555
184.679
177.358
179.363
179.323
174.569
190.213
173.521
171.886
184.564
185.205
188.709
182.383
187.571
173.507
185.185
178.614
185.255
182.216
182.523
182.529
181.789
179.207
187.847
184.89
177.6
177.698
186.302
182.055
190.645
179.256
181.344
186.217
182.684
179.493
184.527
180.676
182.037
183.286
180.166
185.312
181.38
180.648
182.598
180.604
187.314
177.217
180.999
165.88
182.545
179.374
181.551
182.314
178.955
183.396
185.463
187.896
182.398
186.353
183.722
170.131
182.11
180.174
169.418
187.133
176.242
190.985
185.937
184.909
177.497
185.494
182.583
188.886
173.763
182.6
178.261
180.8
191.168
177.975
181.428
184.627
179.873
177.446
188.093
173.171
186.736
185.815
181.671
187.093
175.269
170.038
185.956
176.602
184.122
186.326
182.804
179.322
191.484
179.159
182.284
180.799
183.905
183.692
183.268
185.951
187.609
184.017
182.313
178.697
184.264
180.599
184.601
186.596
172.32
188.545
177.086
181.512
182.27
181.382
188.889
173.105
179.881
180.517
180.068
190.565
173.955
180.124
174.13
193.852
186.818
174.887
198.41
179.267
186.83
180.453
178.419
191.304
180.057
182.972
182.656
179.886
186.649
188.426
174.06
177.677
183.008
186.494
189.536
180.1
182.792
185.462
174.473
180.067
186.386
173.961
186.137
190.913
180.467
179.765
180.497
180.719
188.443
178.63
190.625
177.593
182.805
178.312
176.195
180.361
177.205
191.711
177.606
181.956
194.046
179.883
178.933
177.213
175.674
182.916
187.592
177.843
188.69
173.918
180.603
179.669
190.72
184.551
180.557
178.069
182.452
176.811
185.064
183.553
186.309
176.094
184.047
184.905
191.945
179.5
183.138
188.619
188.543
181.419
174.212
183.74
182.884
181.749
184.187
186.037
176.104
173.455
178.464
181.139
182.821
176.903
180.789
184.168
187.248
178.847
178.554
180.575
189.2
188.907
176.742
182.344
186.057
185.505
192.34
186.537
180.621
184.048
175.482
183.55
178.867
181.693
175.892
188.156
183.342
181.279
180.533
181.29
181.044
175.895
184.575
179.98
177.849
181.876
180.313
184.461
188.511
186.596
180.742
169.591
177.61
185.573
173.242
189.943
184.33
177.191
187.679
176.378
189.13
183.16
190.032
182.312
185.076
185.95
177.969
183.238
177.523
181.745
188.293
184.64
185.478
174.79
175.04
176.552
179.344
190.781
180.049
186.499
180.341
179.239
188.033
175.061
180.294
179.052
182.658
183.436
179.054
180.899
181.302
182.042
179.135
179.66
181.219
172.583
191.009
179.549
190.402
184.76
179.926
190.272
182.496
179.689
178.37
179.405
190.322
185.85
180.648
185.813
190.644
176.521
183.175
186.432
179.745
183.751
177.354
180.968
181.743
189.923
175.335
182.898
172.182
173.531
190.563
185.163
185.884
176.314
183.753
190.964
187.039
174.805
179.738
180.542
186.24
185.441
189.291
180.718
184.148
176.171
179.638
186.362
181.624
184.48
179.838
186.069
181.068
182.403
182.469
179.549
177.82
181.674
178.893
179.303
184.02
177.683
185.01
183.271
178.909
181.988
183.233
180.32
182.526
188.75
184.596
178.373
185.893
172.151
186.555
171.076
182.814
172.628
182.474
177.892
176.135
182.422
186.014
174.681
174.304
181.711
179.279
182.731
193.9
178.914
177.661
180.393
177.806
173.536
185.897
190.456
182.193
189.431
176.546
183.729
189.738
175.494
185.7
187.058
181.997
187.049
174.367
177.798
183.352
190.682
176.828
187.35
192.698
173.219
178.055
170.443
185.615
195.499
174.502
188.283
171.319
187.441
179.603
176.816
182.139
191.104
187.836
180.443
175.34
180.382
185.304
180.661
183.833
183.726
174.97
187.019
183.01
179.55
185.53
180.008
181.763
182.051
173.83
179.941
179.737
186.967
182.789
178.868
177.386
180.424
188.753
183.608
185.411
184.131
177.501
179.081
179.853
183.914
186.617
185.15
182.825
180.107
181.019
180.547
175.967
173.006
175.69
192.287
174.986
185.225
170.96
193.998
176.501
184.847
176.789
189.28
169.25
185.937
175.013
180.302
186.617
180.063
181.708
185.996
182.108
181.039
179.336
174.927
174.033
171.248
194.896
181.383
175.455
172.285
183.259
177.437
182.991
185.385
179.015
184.171
175.836
171.898
174.736
185.289
186.426
181.625
183.625
183.127
180.524
178.677
182.595
180.628
181.041
182.571
187.45
178.381
171.451
172.907
184.797
191.588
181.793
180.983
174.228
187.597
180.08
180.226
186.123
178.048
183.391
188.586
179.345
184.265
183.25
171.534
193.304
177.627
181.983
183.061
189.222
184.446
177.902
181.014
179.21
174.887
187.036
177.067
176.367
175.249
191.895
181.929
182.864
184
184.098
186.994
190.1
180.426
181.09
185.832
176.782
175.269
178.079
186.383
177.508
182.368
181.483
177.746
183.64
185.125
189.257
186.627
186.398
186.686
175.792
181.757
177.583
188.706
190.51
175.825
181.547
181.189
188.685
184.753
181.398
186.924
179.785
184.61
176.622
185.392
180.456
186.733
180.158
176.678
184.97
180.245
171.257
180.173
186.884
188.04
181.027
179.14
189.883
179.175
177
176.042
179.484
182.21
182.079
186.181
186.194
181.392
179.503
193.025
182.349
185.361
179.113
184.285
190.087
181.934
179.696
188.282
177.74
181.854
182.13
188.546
184.946
182.661
188.803
183.689
182.031
179.535
180.842
185.439
192.059
184.775
183.462
181.272
187.04
188.793
181.611
179.673
182.326
176.203
181.201
186.757
174.351
184.476
189.398
180.69
177.127
183.562
187.982
178.548
182.067
180.046
187.479
187.586
191.785
181.437
179.1
182.332
181.578
189.263
177.383
174.22
175.65
188.453
177.268
181.448
183.054
187.585
177.062
177.367
179.626
185.06
183.366
172.947
177.422
181.073
186.409
186.44
178.079
187.653
183.152
184.402
181.16
182.27
185.139
184.351
188.881
185.498
177.21
186.735
186.884
181.949
188.154
183.541
179.568
190.071
185.967
178.564
185.237
184.135
183.282
176.833
173.377
180.359
187.629
187.358
182.315
184.849
176.36
178.319
183.871
180.728
179.849
181.939
178.424
183.381
184.108
185.85
188.149
177.092
184.502
183.961
183.716
179.364
182.475
189.66
174.845
186.41
176.129
187.888
178.118
179.045
189.043
178.781
175.619
