255.878
185.212
156.856
218.504
152.045
193.35
210.352
137.465
171.77
201.317
183.287
175.852
153.556
157.857
189.128
174.944
193.059
168.376
174.4
198.154
177.486
186.531
188.249
168.757
171.99
175.133
173.534
181.344
179.865
169.785
186.842
184.352
173.777
174.192
166.306
178
177.408
184.46
181.527
178.815
177.335
185.328
188.128
174.884
181.951
166.851
183.431
180.605
182.804
185.825
174.338
178.062
172.787
181.385
179.921
187.111
166.959
187.147
172.968
180.72
179.839
175.512
180.305
182.53
183.184
177.396
185.983
173.024
175.833
184.365
172.173
179.51
185.785
185.427
172.465
180.781
186.65
178.646
181.247
175.703
176.315
183.822
173.424
182.02
182.868
175.785
189.196
187.31
181.642
188.495
182.898
178.182
179.359
177.297
184.785
180.129
181.665
176.947
176.06
174.671
185.449
180.521
176.345
174.917
175.939
176.532
175.335
177.642
178.978
181.58
193.965
183.919
175.214
185.874
181.828
189.725
183.873
188.645
190.711
178.637
184.306
179.867
180.06
170.277
188.566
178.347
174.23
183.482
179.189
177.407
188.188
177.316
175.582
179.979
186.331
175.78
171.876
169.528
184.534
171.751
184.825
176.639
172.113
180.913
176.371
176.658
185.71
177.91
178.541
180.261
182.554
181.334
172.976
183.797
190.284
174.007
176.264
184.453
180.889
185.341
173.91
167.031
173.373
180.336
181.384
172.719
176.01
176.898
177.537
178.567
180.454
183.068
180.118
184.07
170.66
173.258
184.117
175.384
176.716
173.969
185.68
182.797
169.717
181.125
183.758
185.344
185.895
173.2
175.017
182.242
182.777
178.872
177.846
171.292
177.077
184.958
181.062
173.631
174.498
181.216
174.81
184.128
185.596
172.894
176.037
174.504
184.853
179.842
175.216
183.02
176.662
183.68
186.1
178.769
172.607
176.665
185.717
172.796
180.955
175.416
184.664
186.066
181.356
178.636
179.512
192.871
170.441
180.103
181.347
184.68
174.654
180.144
187.364
177.411
178.707
177.662
186.409
181.172
176.006
181.842
180.977
183.272
177.378
183.009
180.009
176.891
183.882
184.362
177.26
178.151
177.303
174.24
181.675
179.956
172.727
190.484
182.38
185.744
178.374
185.836
183
175.991
185.99
181.282
176.007
173.519
179.093
189.532
174.869
177.765
181.375
190.666
178.851
178.778
181.167
179.665
183.966
181.15
188.129
175.37
180.664
190.652
189.487
191.44
182.983
178.891
178.905
190.641
183.02
187.107
176.508
180.053
182.624
180.248
183.234
185.425
174.337
178.358
197.383
181.337
185.989
180.028
186.569
186.49
192.347
180.525
179.06
183.435
183.97
186.916
189.427
179.323
188.131
178.072
185.468
179.336
185.898
184.209
175.77
185.062
184.883
187.048
185.306
191.815
179.197
182.779
182.183
182.528
190.065
183.629
176.33
178.317
191.989
179.594
182.246
183.419
179.594
178.215
194.042
182.885
177.057
181.896
181.541
189.515
178.284
183.1
173.949
180.072
180.583
184.136
180.385
178.46
191.808
180.191
178.807
181.325
183.066
176.969
189.858
178.535
187.77
190.583
192.939
180.54
180.227
185.163
181.168
182.782
186.423
184.914
183.887
187.549
181.826
193.386
177.859
181.866
178.607
178.62
186.122
187.164
185.839
189.682
180.573
180.758
190.273
182.957
188.416
188.56
189.463
190.411
185.56
192.443
185.374
186.234
182.658
179.603
183.278
179.417
190.544
181.268
186.217
185.678
172.555
171.111
183.763
182.993
192.25
181.319
179.017
189.377
182.747
181.675
180.254
177.669
175.797
182.31
180.735
183.385
187.418
185.994
175.105
181.604
191.659
183.999
190.113
182.457
185.714
184.894
187.852
180.948
180.463
182.717
183.622
180.083
175.072
183.506
182.039
180.746
184.788
189.909
185.54
187.25
180.058
176.254
184.993
195.194
181.11
187.605
188.343
178.829
194.564
172.466
179.617
189.1
187.566
181.953
185.308
187.168
193.695
174.833
184.597
186.193
184.39
188.076
187.266
181.874
184.283
185.721
183.83
181.324
182.224
184.187
180.005
190.302
180.705
177.554
182.434
181.757
180.102
175.377
181.171
182.274
187.655
181.332
180.967
179.427
185.035
182.873
178.028
197.048
185.18
188.545
183.405
180.383
178.187
186.933
177.302
178.745
189.473
183.636
187.11
182.48
183.318
190.493
179.888
197.788
176.741
189.493
191.034
183.688
187.73
177.158
179.497
186.307
170.907
193.93
181.549
180.873
179.094
187.383
175.831
185.032
192.191
188.48
179.006
182.773
188.436
182.608
181.239
189.225
169.861
184.557
188.161
180.31
191.129
180.342
180.239
187.021
194.422
176.808
185.273
180.61
184.751
175.022
183.103
182.624
186.138
182.782
181.66
183.445
184.839
182.912
190.245
188.105
182.832
183.579
179.24
187.482
183.804
185.007
189.041
174.42
184.176
170.711
185.325
181.723
187.978
181.634
178.126
187.886
186.219
182.404
183.391
197.749
182.291
183.711
187.238
180.249
193.085
186.207
187.665
184.554
182.041
181.113
181.628
181.047
186.02
191.89
181.515
190.613
185.026
178.358
178.986
174.815
183.28
188.815
188.991
181.141
185.085
186.603
185.398
177.904
182.383
177.052
188.536
177.672
188.863
181.539
185.442
193.454
176.988
182.513
194.44
178.845
173.453
179.729
176.281
176.734
172.791
177.635
181.442
181.894
180.288
188.767
193.339
183.808
180.559
188.264
183.046
182.546
185.976
178.658
182.931
179.53
193.582
180.433
182.09
184.663
178.741
184.609
184.978
185.087
182.766
182.069
183.338
176.819
177.126
187.88
174.498
176.346
182.8
183.227
180.236
181.856
186.578
181.877
185.077
187.278
184.936
183.837
181.105
183.924
191.026
176.572
185.949
186.174
181.978
184.224
185.556
184.078
179.049
181.768
177.345
181.333
184.534
177.04
176.572
189.038
181.113
187.14
186.713
174.883
189.511
179.379
191.458
177.142
179.19
190.627
181.867
188.941
190.782
186.674
181.761
182.329
180.233
181.276
180.94
184.91
184.474
184.058
183.63
183.853
183.394
187.647
180.929
178.101
178.948
176.727
179.89
189.401
188.337
180.46
188.107
180.223
178.305
184.712
182.291
176.971
180.827
184.478
179.929
187.256
181.929
187.05
183.221
179.939
184.492
181.844
176.337
185.841
178.732
180.726
177.092
184.65
183.702
183.149
181.25
181.31
186.63
173.42
176.449
179.275
188.206
183.518
178.355
182.602
175.626
179.46
180.972
184.201
188.329
175.809
186.809
178.259
182.664
185.208
180.764
176.996
189.2
180.22
183.448
178.603
185.493
180.39
177.066
177.459
185.662
191.536
178.589
187.175
190.586
177.232
193.297
180.968
181.254
185.275
180.454
195.349
189.648
171.63
182.388
181.732
182.685
180.69
183.649
191.473
189.42
185.746
187.432
185.759
181.842
175.753
186.607
181.555
189.512
177.108
183.336
181.474
186.284
177.461
190.701
179.742
189.677
185.439
183.89
179.837
184.012
183.118
183.352
189.572
180.656
184.378
176.832
181.83
182.799
184.941
182.636
180.935
190.21
176.443
195.546
181.905
184.656
183.186
184.753
181.934
185.592
180.991
190.31
186.921
194.772
186.335
176.384
181.411
190.179
184.829
189.357
188.983
183.164
185.334
181.435
182.327
187.867
191.419
178.905
189.557
179.301
186.041
187.5
186.202
174.504
185.9
184.498
186.465
192.432
186.972
177.115
188.132
191.766
180.222
194.14
175.551
180.631
190.074
175.677
182.299
187.923
180.379
187.765
192.271
177.407
191.846
180.981
185.471
185.145
187.539
181.756
184.689
186.273
180.843
192.696
186.564
180.896
189.324
181.154
178.103
176.753
181.231
183.438
185.634
180.868
184.519
174.914
181.597
193.649
187.555
166.889
182.698
191.937
178.992
181.992
185.2
178.784
185.997
181.231
193.962
194.596
178.448
192.911
181.642
180.983
181.924
184.373
173.393
183.703
182.424
192.305
184.916
184.965
185.291
190.531
182.726
188.152
183.334
184.552
190.724
185.602
175.566
190.501
188.075
180.954
171.739
181.995
182.667
178.267
184.739
192.29
174.844
181.086
178.138
182.403
185.92
178.608
185.571
180.456
182.634
183.712
184.469
178.503
190.155
181.773
186.714
190.737
188.172
179.935
177.301
174.124
189.692
187.36
183.331
187.953
178.573
187.988
181.969
187.636
173.391
188.251
181.52
180.263
187.913
178.709
179.894
183.54
178.353
171.512
186.641
194.366
178.028
191.148
189.787
185.871
181.624
187.948
180.382
188.251
176.181
187.369
181.304
183.403
184.002
187.857
181.356
182.009
193.302
185.622
185.512
179.369
177.28
187.665
175.449
