22.1295
77.352
137.815
177.294
197.814
224.261
257.102
274.66
269.505
250.148
228.019
210.327
197.852
186.409
172.404
157.702
146.756
142.051
143.681
150.02
157.899
164.584
170.834
179.376
190.999
204.235
215.482
220.193
217.642
209.501
197.836
185.567
174.015
163.075
153.967
150.493
155.912
168.34
180.606
187.048
189.619
194.342
203.882
214.185
219.362
218.948
216.864
215.317
211.653
201.212
184.688
167.542
153.337
143.655
139.089
138.701
141.368
146.197
151.933
157.154
161.113
165.247
172.04
180.986
188.98
194.663
198.919
202.505
204.367
203.047
198.26
190.546
182.181
177.243
177.65
181.001
184.612
188.11
191.226
192.932
192.227
188.576
182.718
177.293
175.454
176.733
176.468
171.571
163.756
157.011
153.866
153.692
153.917
152.82
151.212
151.562
154.822
159.08
162.436
165.768
171.582
179.885
187.161
190.721
191.302
190.885
190.103
188.003
183.647
177.959
173.907
174.537
179.977
186.715
191.124
192.791
193.356
193.611
193.145
191.927
190.658
189.615
187.87
184.131
178.313
172.231
168.716
169.67
174.397
179.595
181.717
179.947
176.587
174.931
177.077
183.04
190.8
197.271
200.285
199.992
197.795
194.551
190.218
184.681
179.094
175.878
176.579
179.656
181.54
180.677
179.067
179.487
182.431
186.261
188.936
189.292
187.978
186.752
186.531
186.942
187.192
186.697
185.583
184.349
182.647
179.383
174.638
170.16
167.344
166.22
166.157
166.528
167.231
169.277
173.494
179.228
184.589
187.289
186.048
181.867
177.59
175.857
177.137
179.334
179.617
176.732
172.109
168.911
169.206
172.207
175.821
178.662
180.133
180.631
181.099
181.39
180.972
180.233
179.871
179.98
180.2
180.26
180.196
180.41
181.457
182.706
181.924
178.051
173.188
170.921
173.715
180.953
189.173
195.017
197.069
195.52
191.066
184.762
179.455
178.583
182.122
186.544
188.672
188.222
187.297
187.212
186.687
183.928
179.598
176.132
174.69
174.282
173.664
172.957
172.594
172.204
171.675
171.767
172.75
173.716
173.819
173.238
172.954
173.377
173.401
172.552
172.75
175.731
180.629
184.611
185.139
182.654
180.296
180.563
183.074
185.378
185.566
183.825
182.193
182.7
184.442
185.529
186.075
187.068
188.328
188.775
188.149
186.911
184.798
181.456
178.131
177.25
180.08
184.881
188.157
187.991
185.549
183.412
182.798
182.64
181.59
179.677
177.633
176.049
175.81
177.709
180.484
181.408
179.641
177.438
177.658
180.87
185.471
189.782
193.217
195.603
196.104
194.601
193.12
193.174
193.953
194.485
194.728
194.928
194.67
192.782
189.177
185.232
182.301
181.288
181.995
183.321
184.951
186.576
187.003
186.081
185.398
186.416
188.673
189.689
187.406
182.895
179.191
177.882
178.621
180.208
181.264
181.248
181.45
183.908
188.57
192.536
192.498
187.95
182.527
181.132
184.869
189.976
192.509
192.286
191.242
190.064
188.202
186.168
185.456
186.812
189.318
190.504
188.32
183.619
180.055
180.508
183.975
186.629
185.692
181.718
178.168
178.765
183.876
190.068
193.128
191.23
186.199
181.793
181.285
185.543
191.876
195.88
195.067
190.719
186.586
186.183
189.833
193.48
192.667
187.697
183.212
183.328
187.364
190.358
189.066
185.487
182.589
180.709
180.223
182.494
186.99
191.548
194.961
196.714
195.906
192.816
189.218
186.274
184.119
182.641
181.365
179.683
178.016
177.986
180.539
184.388
187.361
188.833
189.607
190.105
189.638
187.526
184.163
180.378
177.4
176.968
179.261
182.157
183.66
183.821
184.36
186.806
190.989
194.848
195.801
193.382
189.921
187.288
184.919
182.804
182.357
182.609
181.558
179.677
178.833
179.707
181.339
182.652
183.607
184.869
186.577
188.08
188.216
186.591
184.815
185.412
189.001
192.823
192.966
188.502
182.817
180.45
183.273
189.424
194.885
196.428
193.12
186.239
179.412
177.193
181.419
189.079
194.821
195.361
191.406
186.016
181.869
180.488
181.149
181.462
181.065
181.98
184.799
187.353
187.66
186.151
184.581
183.772
183.517
183.382
182.487
180.568
178.864
178.816
181.42
186.51
192.101
195.603
194.964
190.882
186.411
184.392
186.06
189.788
192.227
191.946
190.653
189.886
188.089
183.179
177.091
174.614
177.746
184.145
190.442
194.901
197.382
197.919
196.18
192.331
187.601
183.34
180.097
178.413
179.245
182.998
188.34
192.765
194.131
191.545
186.29
181.534
179.403
179.525
180.737
182.499
184.318
185.555
186.166
186.129
184.876
182.225
179.445
178.455
180.159
183.849
187.915
191.698
195.481
198.73
199.548
196.166
189.513
183.514
181.948
184.878
188.206
188.167
184.891
181.309
180.054
181.843
185.926
190.54
193.636
194.402
193.446
191.137
188.551
187.761
188.803
189.187
186.849
182.934
180.846
182.437
186.046
188.497
187.817
184.575
181.855
182.332
185.218
187.22
186.758
185.808
186.505
187.964
188.456
188.232
188.192
187.691
185.489
181.752
178.278
177.421
180.05
183.913
185.168
183.225
181.805
183.52
186.845
189.264
189.958
188.871
186.492
184.503
183.778
183.363
182.516
181.675
182.089
185.093
190.009
193.859
194.269
191.055
185.551
180.139
177.961
180.317
184.675
187.895
189.713
190.795
190.438
188.59
187.152
187.458
188.686
190.051
191.352
191.677
190.911
190.135
189.565
188.65
187.989
188.822
191.115
193.213
192.814
189.239
185.702
185.739
187.647
186.716
182.04
177.66
177.773
182.428
187.407
188.419
185.624
182.897
182.672
184.181
186.384
188.061
187.837
186.597
186.312
186.487
185.285
183.666
184.46
187.975
190.935
190.176
186.693
184.209
184.357
185.989
187.91
189.743
190.833
190.293
188.264
185.636
182.732
180.639
180.689
181.967
182.909
183.638
185.43
188.16
190.398
191.462
190.997
188.836
185.974
183.391
180.983
178.734
177.624
179.214
184.166
190.798
195.736
196.447
193.344
189.389
187.488
188.259
190.448
192.223
192.067
189.749
186.701
184.612
183.924
183.729
182.524
180.19
179.487
182.568
187.016
188.687
186.79
184.635
185.137
187.075
187.871
187.363
186.81
187.155
188.137
188.262
186.552
183.615
180.948
179.679
180.24
183.338
189.258
195.73
198.99
197.372
192.681
188.234
185.942
185.55
185.695
184.953
183.435
182.772
183.753
185.183
185.525
184.851
184.669
186.128
188.533
189.996
189.338
187.124
185.062
184.524
185.64
187.392
188.307
187.521
185.657
184.022
182.699
181.021
179.77
180.398
182.709
185.559
188.275
190.254
190.894
190.364
189.41
188.002
185.388
182.209
180.857
182.956
187.355
191.06
191.719
189.249
185.643
183.316
183.378
184.896
185.625
183.935
180.126
176.348
175.61
179.508
186.238
191.679
192.567
189.294
186.394
188.408
194.62
199.758
199.391
193.666
186.612
183.083
184.946
188.943
190.185
187.925
185.71
185.649
186.123
185.147
183.08
181.609
181.805
183.652
186.235
188.472
189.581
189.324
187.832
185.318
182.579
181.394
182.912
184.899
183.312
177.795
173.093
173.728
179.523
186.956
192.378
194.033
193.112
192.316
192.603
192.858
191.839
188.85
184.063
179.512
178.401
181.867
186.841
188.864
187.395
186.461
189.325
194.643
198.29
197.74
194.188
190.196
186.604
182.794
179.413
178.601
180.473
182.149
181.726
180.432
180.063
181.369
184.469
187.776
188.66
187.558
188.019
191.189
193.893
193.111
189.503
185.876
184.21
184.78
186.983
189.309
189.251
186.399
184.292
185.951
190.127
193.59
193.825
190.636
186.315
183.126
181.83
182.054
182.292
181.139
179.215
178.196
179.032
181.84
185.383
187.311
186.307
183.526
181.037
179.971
181.401
185.268
189.246
191.075
190.484
188.368
185.763
184.291
185.392
188.389
190.851
191.39
190.745
190.003
189.538
189.1
187.933
185.569
183.283
183.683
187.403
191.51
192.129
188.312
183.094
180.601
182.097
185.323
187.498
188.278
189.766
192.939
195.222
193.918
189.444
184.18
180.424
179.345
180.838
184.103
187.566
188.881
187.104
184.669
184.75
186.795
187.772
186.451
184.419
184.144
185.877
188.165
190.971
194.545
197.004
195.629
190.483
185.706
184.846
186.829
188.349
188.653
189.237
189.492
187.473
183.76
180.521
178.732
178.139
178.341
179.22
180.823
182.526
183.688
184.915
186.923
189.302
191.233
191.838
190.123
186.096
181.353
178.223
178.19
180.476
182.733
183.784
184.933
187.504
190.049
189.942
187.399
185.477
185.488
185.651
185.343
186.368
189.261
192.138
192.957
190.425
184.693
179.092
178.15
182.767
189.709
194.626
194.409
