271.91
155.8
177.938
184.104
183.57
214.823
137.1
180.404
186.394
191.276
167.887
151.857
188.362
175.377
190.167
168.372
181.45
180.913
178.243
186.95
167.238
177.105
179.039
175.976
178.949
172.775
191.194
181.832
172.101
173.959
176.671
183.414
185.205
177.737
177.427
173.462
186.23
184.488
185.88
173.569
181.852
177.302
177.883
174.273
189.116
183.179
179.447
178.349
183.467
169.005
176.635
172.643
177.535
177.586
185.478
183.162
184.047
176.903
172.67
180.665
165.251
179.028
184.86
169.621
173.671
177.594
182.684
175.021
182.551
174.053
181.197
184.397
174.064
175.378
177.736
176.953
175.562
185.777
186.236
178.428
177.291
179.916
171.623
190.417
185.497
172.447
184.123
180.075
172.793
176.782
179.318
177.2
182.033
175.632
181.212
180.112
182.796
184.131
182.871
189.551
169.3
178.171
180.277
184.655
176.745
179.726
184.957
186.062
178.091
178.314
176.995
180.366
177.419
186.236
196.243
180.098
183.685
181.602
183.239
187
190.328
192.039
180.534
193.194
180.92
179.315
186.599
180.65
185.031
184.604
181.363
195.015
172.602
183.054
190.561
181.805
178.463
191.687
183.055
185.609
190.024
179.436
181.741
187.328
188.527
172.129
188.573
186.356
178.697
181.185
186.036
179.526
185.14
186.19
183.321
189.89
176.02
184.817
177.333
178.712
186.374
174.83
184.444
168.27
188.85
191.249
189.268
174.433
191.572
185.003
179.852
182.199
176.994
186.18
181.738
182.403
187.728
178.392
183.782
189.864
181.976
181.639
181.276
187.519
180.422
183.051
181.189
188.591
180.528
184.983
179.986
174.33
182.488
187.626
176.425
185.625
181.872
182.643
182.281
168.096
179.67
190.433
176.869
181.071
177.259
185.043
187.63
186.687
176.8
181.985
183.407
181.575
190.063
183.633
186.179
176.343
186.783
183.633
182.085
188.017
186.85
180.421
178.384
189.947
184.958
180.839
184.741
181.393
178.577
183.276
184.249
177.139
182.012
171.479
186.268
184.554
171.282
183.475
181.193
178.533
177.635
182.159
176.663
186.095
180.132
189.132
185.194
180.568
180.719
180.952
178.389
174.914
180.55
184.96
178.814
173.653
184.582
174.285
189.169
176.092
184.776
182.435
181.592
173.169
180.447
181.492
182.357
184.508
180.229
175.574
187.851
183.859
181.105
171.774
180.646
184.58
183.1
179.184
178.904
180.717
186.431
187.647
184.869
182.033
183.755
189.695
179.07
185.194
176.458
176.819
180.129
187.471
177.974
180.346
182.079
179.68
183.432
187.837
174.268
190.574
186.295
184.451
176.12
182.8
187.331
190.347
181.425
179.786
191.276
184.551
182.422
177.039
190.041
179.12
181.262
179.431
178.8
179.416
184.787
186.513
183.312
184.216
181.49
184.043
173.128
187.721
192.839
178.164
179.392
181.554
187.83
178.097
184.46
177.275
182.931
185.762
182.12
187.053
178.56
180.577
192.899
184.006
182.303
188.134
182.615
190.82
179.145
186.975
186.846
178.254
182.646
187.672
184.423
178.709
170.727
184.484
182.336
179.236
175.692
173.387
181.632
184.334
185.542
187.448
176.567
191.601
182.006
182.854
181.389
182.422
184.787
190.786
181.599
177.762
190.852
179.871
184.28
187.807
181.528
189.954
180.79
176.726
188.154
182.559
180.424
186.479
178.547
187.191
176.299
179.622
181.536
184.482
182.544
177.541
181.75
174.511
188.583
184.274
174.845
171.904
185.827
180.894
183.623
186.438
195.367
182.512
177.083
178.479
176.101
185.472
191.251
175.335
178.939
187.84
179.544
174.136
181.451
181.519
188.547
185.311
177.374
182.501
181.279
187.368
181.069
185.17
194.222
183.813
185.835
171.671
180.635
182.465
178.924
176.016
180.719
179.926
185.612
189.196
185.599
180.444
180.981
172.089
183.343
175.966
180.612
192.222
183.042
178.15
183.069
190.505
181.739
179.134
181.65
188.074
186.961
181.676
172.722
173.439
181.629
181.356
185.806
185.746
181.77
181.96
169.007
179.378
196.658
182.538
171.899
187.487
170.623
192.568
182.68
175.79
179.909
191.348
187.761
186.44
185.029
178.82
177.095
177.627
179.264
185.671
192.476
190.506
183.37
182.236
188.155
188.128
179.992
179.302
173.107
186.929
183.449
187.164
179.622
192.409
176.136
185.32
174.779
187.973
177.843
188.527
181.822
185.435
183.726
173.692
188.478
179.887
188.508
190.371
183.707
191.131
173.853
185.433
178.815
184.919
186.082
176.167
176.627
180.327
187.888
185.322
176.643
179.107
180.262
186.142
181.8
183.491
199.059
173.919
175.933
189.872
177.608
185.905
184.464
192.875
181.123
189.127
176.602
182.543
184.102
184.439
184.947
181.944
181.179
182.228
182.502
181.431
187.372
180.449
182.188
184.923
186.846
176.851
178.389
185.521
184.892
183.574
178.303
186.672
178.39
171.763
176.16
188.338
178.943
192.917
185.128
195.946
185.758
181.599
191.821
173.433
179.381
182.3
179.876
184.501
184.577
187.027
176.516
182.627
182.137
189.912
182.509
188.622
176.226
177.239
181.713
182.546
186.176
178.633
170.792
170.247
189.595
180.001
187.665
180.034
178.432
179.877
181.93
182.857
176.859
185.602
180.384
185.505
179.996
186.888
182.919
183.966
181.336
191.096
181.615
183.787
177.614
181.225
175.646
184.292
187.044
181.603
184.106
186.621
194.772
182.293
185.274
182.811
183.143
182.802
185.216
175.325
184.27
185.09
175.722
184.806
172.994
187.873
176.663
182.776
181.259
188.781
184.308
185.425
184.608
184.333
176.875
184.16
184.587
184.704
184.639
188.767
182.728
187.163
180.51
184.65
185.337
174.005
189.89
178.364
189.502
187.033
177.375
185.901
181.443
182.633
187.95
190.008
177.955
188.064
191.759
183.411
194.585
181.56
176.939
185.687
178.913
187.747
182.392
177.626
177.48
182.348
185.444
183.701
185.925
182.662
184.246
188.148
184.694
190.982
184.331
182.466
180.612
176.147
178.311
180.38
177.237
183.281
180.679
179.102
182.548
189.196
184.357
184.505
185.042
177.982
185.277
183.545
184.374
181.053
187.642
180.589
183.075
172.81
182.727
186.098
182.504
190.978
179.581
183.292
178.128
184.619
184.406
184.098
193.368
187.498
181.234
189.2
181.801
184.766
185.835
178.082
192.848
181.606
181.559
180.45
190.011
174.854
182.455
179.689
185.544
179.448
185.409
189.694
181.298
188.734
187.205
188.987
181.678
179.457
181.621
176.014
181.455
191.556
179.778
184.672
178.881
176.136
192.694
177.478
192.53
171.369
181.399
183.975
173.038
181.031
182.553
178.287
183.815
169.31
182.527
174.873
187.703
171.01
180.196
185.541
182.193
188.153
181.205
179.474
180.127
178.935
194.69
181.734
180.496
175.528
186.428
188.504
177.587
184.335
184.972
176.23
184.183
180.084
185.58
186.372
180.82
182.182
181.015
182.766
191.844
173.994
183.995
190.62
182.55
179.774
186.618
180.233
184.755
187.779
185.151
183.844
183.205
185.409
178.654
185.114
182.49
177.798
186.484
180.157
189.371
176.354
175.023
185.813
180.944
181.439
189.49
180.795
186.213
186.577
183.227
186.514
185.173
177.507
180.126
173.301
178.544
177.432
185.239
176.257
184.812
184.052
181.928
189.187
191.219
187.982
189.813
178.003
183.968
184.542
187.111
184.793
181.728
181.858
185.654
184.895
190.317
184.081
186.612
179.721
187.858
184.773
184.706
179.118
183.329
174.71
181.639
187.143
186.254
184.213
185.082
181.739
183.496
188.372
180.331
175.979
179.967
190.895
174.519
178.012
172.594
183.165
183.611
189.468
184.089
175.065
189.61
182.972
181.116
185.861
177.635
180.566
175.839
180.29
180.055
175.765
181.71
183.19
179.031
176.745
173.879
180.252
187.206
173.907
184.237
180.476
195.592
184.552
175.628
193.794
183.927
191.801
181.677
184.833
181.502
178.344
195.381
181.63
180.346
179.654
187.755
176.567
182.416
185.837
185.569
186.097
192.969
180.218
175.167
176.758
185.793
180.482
181.952
183.211
184.837
185.322
179.528
190.756
179.461
186.445
184.649
172.171
182.716
185.545
186.876
187.098
181.598
186.83
190.422
179.396
191.862
176.22
185.158
178.064
182.27
184.769
188.655
178.491
178.526
181.559
176.812
184.816
187.95
186.195
189.078
184.477
181.99
187.952
186.279
188.698
191.418
174.31
182.353
186.413
179.834
182.445
181.739
185.124
182.767
188.493
175.111
182.815
184.819
186.066
183.886
182.134
182.241
179.201
188.977
182.858
181.714
183.871
182.112
181.985
187.948
179.474
182.397
181.022
179.526
176.333
188.011
180.85
