-13670.8
-13637.6
-13631.9
-13630.8
-13635.6
-13633.7
-13631.2
-13632.1
-13632.2
-13631.1
-13633.1
-13632.4
-13634
-13632.1
-13632.3
-13629.2
-13629
-13633.6
-13632.2
-13629.9
-13607.5
-13581.4
-13543
-13489.6
1.19561e+10
3.4975e+10
5.66733e+10
7.7507e+10
9.88436e+10
1.22181e+11
1.44949e+11
1.66108e+11
1.86244e+11
2.07267e+11
2.27871e+11
2.48715e+11
2.73401e+11
2.97491e+11
3.21368e+11
3.42296e+11
3.65122e+11
3.89108e+11
4.07616e+11
4.30746e+11
4.53343e+11
4.75057e+11
4.96307e+11
5.19407e+11
5.39675e+11
5.61088e+11
