3.74869e+09
4.25963e+09
4.20398e+09
4.09645e+09
4.43606e+09
4.43361e+09
4.50756e+09
4.32702e+09
4.64335e+09
4.4056e+09
4.15552e+09
4.39031e+09
4.38542e+09
4.22974e+09
3.99735e+09
4.48753e+09
4.27806e+09
4.45466e+09
4.22807e+09
4.34031e+09
2.6111e+10
4.90044e+10
6.92576e+10
9.33333e+10
1.14652e+11
1.36761e+11
1.59831e+11
1.81822e+11
2.01762e+11
2.22599e+11
2.46079e+11
2.67387e+11
2.88762e+11
3.07724e+11
3.30077e+11
3.53904e+11
3.75888e+11
3.99533e+11
4.21792e+11
4.45663e+11
4.69109e+11
4.90856e+11
5.09772e+11
5.33204e+11
5.53106e+11
5.75824e+11
5.90431e+11
6.11873e+11
6.35919e+11
6.57382e+11
