-12795.1
-12598.5
-12526.5
-12498.5
-12475.2
2.37862e+07
3.36377e+09
3.45471e+09
3.5544e+09
3.47938e+09
3.47942e+09
3.51272e+09
3.60582e+09
3.26683e+09
3.63012e+09
3.48285e+09
3.2841e+09
3.44585e+09
3.78289e+09
3.46794e+09
1.7712e+10
3.16203e+10
4.54282e+10
6.00696e+10
7.45419e+10
8.77254e+10
1.03585e+11
1.16951e+11
1.31424e+11
1.44628e+11
1.5953e+11
1.74081e+11
1.88987e+11
2.03489e+11
2.16586e+11
2.32592e+11
2.45301e+11
2.59635e+11
2.74161e+11
2.90136e+11
3.06e+11
3.19377e+11
3.33387e+11
3.47576e+11
3.63575e+11
3.75119e+11
3.88484e+11
4.02356e+11
4.1701e+11
4.29688e+11
