1117.63
1164.88
1202.53
1224.46
1248.32
4.75127e+07
6.72232e+09
6.90415e+09
7.10329e+09
6.95341e+09
6.9535e+09
7.02001e+09
7.20616e+09
6.52864e+09
7.25463e+09
6.96034e+09
6.56313e+09
6.88639e+09
7.56002e+09
6.9305e+09
3.53978e+10
6.31942e+10
9.07898e+10
1.20051e+11
1.48975e+11
1.75322e+11
2.07019e+11
2.3373e+11
2.62655e+11
2.89045e+11
3.18827e+11
3.47908e+11
3.77697e+11
4.0668e+11
4.32856e+11
4.64843e+11
4.90244e+11
5.1889e+11
5.47921e+11
5.79848e+11
6.11554e+11
6.38288e+11
6.66288e+11
6.94644e+11
7.26619e+11
7.49691e+11
7.76401e+11
8.04124e+11
8.33411e+11
8.58749e+11
