7.49164e+09
8.51276e+09
8.40154e+09
8.18667e+09
8.8654e+09
8.86048e+09
9.00826e+09
8.64746e+09
9.27968e+09
8.80453e+09
8.30474e+09
8.77393e+09
8.76409e+09
8.45304e+09
7.98859e+09
8.96826e+09
8.54957e+09
8.90251e+09
8.44972e+09
8.674e+09
5.21837e+10
9.7937e+10
1.38414e+11
1.8653e+11
2.29137e+11
2.73321e+11
3.19428e+11
3.63377e+11
4.03229e+11
4.44873e+11
4.91799e+11
5.34383e+11
5.77103e+11
6.14999e+11
6.59673e+11
7.07291e+11
7.51226e+11
7.98483e+11
8.42967e+11
8.90675e+11
9.37533e+11
9.80995e+11
1.0188e+12
1.06563e+12
1.1054e+12
1.15081e+12
1.18e+12
1.22285e+12
1.27091e+12
1.3138e+12
