-3342.86
-3340.48
-3340.49
-3340.49
-3340.49
-3340.49
-3338.1
-3338.1
-3338.09
-3338.11
-3338.09
-3335.71
-3335.7
-3335.71
-3335.7
-3335.72
-3333.32
-3333.32
-3333.32
-3333.33
-3333.32
-3330.93
-3330.93
-3330.94
-3330.94
-3330.92
-3328.53
-3328.53
-3328.55
-3328.54
-3328.54
-3326.15
-3326.15
-3326.15
-3326.14
-3326.16
-3323.76
-3323.76
-3323.75
-3323.77
-3323.76
-3321.38
-3321.36
-3321.37
-3321.37
-3321.37
-3318.98
-3318.98
-3318.98
-3318.98
-3318.98
-3316.59
-3316.6
-3316.59
-3316.6
-3316.59
-3314.21
-3314.2
-3314.21
-3314.21
-3314.2
-3311.83
-3311.82
-3311.83
-3311.82
-3311.83
-3309.43
-3309.44
-3309.43
-3309.44
-3309.43
-3307.05
-3307.05
-3307.05
-3307.05
-3307.05
-3304.67
-3304.66
-3304.66
-3304.66
-3304.66
-3302.27
-3302.27
-3302.27
-3302.27
-3302.27
-3299.88
-3299.88
-3299.89
-3299.88
-3299.89
-3297.5
-3297.5
-3297.5
-3297.49
-3297.5
-3295.11
-3295.11
-3295.11
-3295.11
-3295.11
-3292.72
-3292.72
-3292.72
-3292.72
-3292.72
-3290.33
-3290.33
-3290.33
-3290.33
-3290.33
-3287.94
-3287.94
-3287.94
-3287.94
-3287.94
-3285.55
-3285.55
-3285.55
-3285.55
-3285.55
-3283.16
-3283.17
-3283.16
-3283.16
-3283.16
-3280.78
-3280.77
-3280.78
-3280.78
-3280.78
-3278.39
-3278.39
-3278.39
-3278.39
-3278.39
-3276
-3276.01
-3276
-3276
-3276
-3273.61
-3273.61
-3273.61
-3273.61
-3273.61
-3271.22
-3271.22
-3271.22
-3271.22
-3271.22
-3268.83
-3268.83
-3268.83
-3268.84
-3268.83
-3266.45
-3266.45
-3266.45
-3266.45
-3266.45
-3264.06
-3264.06
-3264.06
-3264.06
-3264.06
-3261.67
-3261.67
-3261.67
-3261.67
-3261.68
-3259.29
-3259.29
-3259.29
-3259.29
-3259.29
-3256.9
-3256.9
-3256.9
-3256.9
-3256.9
-3254.51
-3254.51
-3254.52
-3254.52
-3254.52
-3252.13
-3252.12
-3252.13
-3252.13
-3252.12
-3249.73
-3249.73
-3249.74
-3249.73
-3249.73
-3247.35
-3247.34
-3247.35
-3247.35
-3247.35
-3244.96
-3244.96
-3244.96
-3244.97
-3244.96
-3242.57
-3242.57
-3242.57
-3242.57
-3242.58
-3240.18
-3240.19
-3240.18
-3240.18
-3240.19
-3237.8
-3237.79
-3237.79
-3237.79
-3237.79
-3235.41
-3235.4
-3235.41
-3235.41
-3235.41
-3233.02
-3233.02
-3233.02
-3233.02
-3233.02
-3230.64
-3230.63
-3230.63
-3230.63
-3230.63
-3228.25
-3228.24
-3228.24
-3228.24
-3228.25
-3225.85
-3225.85
-3225.86
-3225.85
-3225.85
-3223.47
-3223.47
-3223.47
-3223.47
-3223.47
-3221.08
-3221.08
-3221.08
-3221.08
-3221.08
-3218.69
-3218.69
-3218.69
-3218.69
-3218.7
-3216.3
-3216.3
-3216.31
-3216.3
-3216.3
-3213.91
-3213.92
-3213.92
-3213.92
-3213.92
-3211.53
-3211.53
-3211.52
-3211.53
-3211.52
-3209.14
-3209.13
-3209.14
-3209.14
-3209.14
-3206.74
-3206.75
-3206.75
-3206.74
-3206.74
-3204.36
-3204.35
-3204.36
-3204.36
-3204.35
-3201.97
-3201.97
-3201.96
-3201.97
-3201.96
-3199.58
-3199.58
-3199.58
-3199.58
-3199.58
-3197.19
-3197.18
-3197.19
-3197.19
-3197.19
-3194.8
-3194.8
-3194.8
-3194.8
-3194.8
-3192.41
-3192.42
-3192.42
-3192.41
-3192.41
-3190.02
-3190.03
-3190.02
-3190.02
-3190.03
-3187.64
-3187.64
-3187.64
-3187.64
-3187.64
-3185.25
-3185.24
-3185.25
-3185.25
-3185.25
-3182.86
-3182.87
-3182.87
-3182.87
-3182.87
-3180.48
-3180.48
-3180.48
-3180.47
-3180.47
-3178.09
-3178.08
-3178.08
-3178.09
-3178.09
-3175.7
-3175.7
-3175.69
-3175.7
-3175.7
-3173.31
-3173.32
-3173.31
-3173.32
-3173.32
-3170.93
-3170.92
-3170.92
-3170.93
-3170.92
-3168.54
-3168.54
-3168.54
-3168.53
-3168.54
-3166.14
-3166.15
-3166.13
-3166.15
-3166.14
-3163.76
-3163.77
-3163.76
-3163.76
-3163.76
-3161.37
-3161.36
-3161.37
-3161.37
-3161.37
-3158.98
-3158.98
-3158.98
-3158.98
-3158.98
-3156.59
-3156.6
-3156.6
-3156.59
-3156.59
-3154.2
-3154.21
-3154.2
-3154.2
-3154.2
-3151.82
-3151.82
-3151.81
-3151.82
-3151.82
-3149.42
-3149.43
-3149.43
-3149.43
-3149.43
-3147.05
-3147.04
-3147.04
-3147.03
-3147.03
-3144.65
-3144.65
-3144.65
-3144.65
-3144.64
-3142.26
-3142.26
-3142.26
-3142.26
-3142.26
-3139.87
-3139.88
-3139.87
-3139.87
-3139.87
-3137.48
-3137.49
-3137.49
-3137.48
-3137.49
-3135.1
-3135.1
-3135.09
-3135.1
-3135.09
-3132.71
-3132.71
-3132.71
-3132.71
-3132.71
-3130.32
-3130.32
-3130.32
-3130.32
-3130.32
-3127.93
-3127.93
-3127.94
-3127.94
-3127.93
-3125.55
-3125.54
-3125.55
-3125.55
-3125.54
-3123.15
-3123.16
-3123.16
-3123.16
-3123.15
-3120.77
-3120.77
-3120.77
-3120.76
-3120.76
-3118.38
-3118.39
-3118.37
-3118.38
-3118.37
-3115.98
-3115.99
-3115.98
-3115.99
-3115.99
-3113.59
-3113.59
-3113.59
-3113.6
-3113.59
-3111.2
-3111.2
-3111.21
-3111.21
-3111.22
-3108.82
-3108.82
-3108.82
-3108.82
-3108.82
-3106.42
-3106.42
-3106.44
-3106.44
-3106.42
-3104.05
-3104.04
-3104.04
-3104.04
-3104.04
-3101.65
-3101.65
-3101.65
-3101.64
-3101.65
-3099.26
-3099.26
-3099.27
-3099.26
-3099.26
-3096.88
-3096.88
-3096.87
-3096.89
-3096.88
-3094.49
-3094.49
-3094.49
-3094.5
-3094.49
-3092.1
-3092.1
-3092.09
-3092.1
-3092.11
-3089.72
-3089.71
-3089.71
-3089.71
-3089.72
-3087.32
-3087.33
-3087.32
-3087.33
-3087.32
-3084.93
-3084.95
-3084.93
-3084.93
-3084.94
-3082.54
-3082.56
-3082.55
-3082.56
-3082.55
-3080.16
-3080.16
-3080.16
-3080.16
-3080.17
-3077.78
-3077.77
-3077.78
-3077.78
-3077.78
-3075.39
-3075.39
-3075.4
-3075.39
-3075.39
-3073
-3072.99
-3073
-3073
-3073
-3070.62
-3070.61
-3070.61
-3070.61
-3070.6
-3068.22
-3068.22
-3068.22
-3068.23
-3068.22
-3065.83
-3065.82
-3065.85
-3065.83
-3065.84
-3063.44
-3063.46
-3063.46
-3063.45
-3063.45
-3061.05
-3061.07
-3061.06
-3061.07
-3061.06
-3058.68
-3058.67
-3058.68
-3058.68
-3058.67
-3056.28
-3056.29
-3056.29
-3056.3
-3056.3
-3053.89
-3053.9
-3053.9
-3053.91
-3053.9
-3051.51
-3051.5
-3051.51
-3051.51
-3051.51
-3049.13
-3049.11
-3049.12
-3049.11
-3049.12
-3046.72
-3046.72
-3046.73
-3046.73
-3046.73
-3044.35
-3044.34
-3044.35
-3044.35
-3044.33
-3041.96
-3041.96
-3041.96
-3041.96
-3041.96
-3039.57
-3039.56
-3039.57
-3039.57
-3039.57
-3037.18
-3037.19
-3037.19
-3037.19
-3037.18
-3034.81
-3034.78
-3034.79
-3034.79
-3034.81
-3032.4
-3032.4
-3032.42
-3032.4
-3032.42
-3030.02
-3030
-3030.01
-3030.01
-3030.02
-3027.64
-3027.64
-3027.63
-3027.63
-3027.65
-3025.25
-3025.24
-3025.25
-3025.26
-3025.25
-3022.86
-3022.86
-3022.86
-3022.86
-3022.85
-3020.47
-3020.47
-3020.47
-3020.47
-3020.47
-3018.07
-3018.08
-3018.09
-3018.07
-3018.07
-3015.69
-3015.69
-3015.7
-3015.68
-3015.69
-3013.31
-3013.31
-3013.31
-3013.31
-3013.3
-3010.92
-3010.92
-3010.91
-3010.93
-3010.93
-3008.53
-3008.53
-3008.53
-3008.54
-3008.54
-3006.14
-3006.13
-3006.13
-3006.12
-3006.13
-3003.75
-3003.74
-3003.75
-3003.75
-3003.76
-3001.35
-3001.37
-3001.36
-3001.37
-3001.36
-2998.97
-2998.98
-2998.97
-2998.97
-2998.97
-2996.59
-2996.59
-2996.58
-2996.58
-2996.59
-2994.2
-2994.19
-2994.18
-2994.19
-2994.21
-2991.8
-2991.83
