-13888.5
-13878.1
-13878
-13878.1
-13878.2
-13878.1
-13868
-13868.1
-13868.1
-13868.1
-13868.1
-13858.1
-13858.1
-13858.1
-13858.1
-13858.1
-13848.1
-13848
-13848.1
-13848.1
-13848.1
-13838
-13838.1
-13838.1
-13838
-13838
-13828.1
-13828
-13828
-13828
-13828.1
-13818
-13818
-13818
-13818
-13818
-13808
-13808
-13808
-13808
-13808
-13798
-13798
-13798
-13798
-13798
-13788
-13788
-13788
-13788
-13788
-13778
-13778
-13778
-13778
-13778
-13768
-13768
-13768
-13768
-13768
-13757.9
-13757.9
-13757.9
-13758
-13757.9
-13747.9
-13747.9
-13747.9
-13747.9
-13747.9
-13737.9
-13737.9
-13737.9
-13737.9
-13737.9
-13727.9
-13727.9
-13727.9
-13727.9
-13727.9
-13717.9
-13717.9
-13717.9
-13717.9
-13717.9
-13707.9
-13707.9
-13707.9
-13707.9
-13707.9
-13697.9
-13697.9
-13697.9
-13697.9
-13697.9
-13687.9
-13687.9
-13687.8
-13687.9
-13687.9
-13677.8
-13677.8
-13677.8
-13677.8
-13677.8
-13667.8
-13667.8
-13667.8
-13667.8
-13667.8
-13657.8
-13657.8
-13657.8
-13657.8
-13657.8
-13647.8
-13647.8
-13647.8
-13647.8
-13647.8
-13637.8
-13637.8
-13637.8
-13637.8
-13637.8
-13627.8
-13627.8
-13627.8
-13627.8
-13627.7
-13617.7
-13617.7
-13617.7
-13617.7
-13617.7
-13604.1
-13604.1
-13604.1
-13604.1
-13604.1
-13594.1
-13594.1
-13594.1
-13594.1
-13594.1
-13584.1
-13584.1
-13584.1
-13584.1
-13584.1
-13574.1
-13574.1
-13570.3
-13570.4
-13570.4
-13560.3
-13560.4
-13560.4
-13560.4
-13560.3
-13550.3
-13547
-13547
-13543.4
-13543.4
-13533.4
-13533.4
-13533.4
-13533.4
-13533.4
-13523.4
-13523.4
-13523.4
-13519.7
-13519.7
-13509.7
-13509.7
-13509.7
-13502.2
-13498.4
-13484.8
-13484.8
-13484.8
-13478.1
-13474.6
-13457.2
-13454.2
-13454.2
-13450.7
-13443.3
-13426.5
-13422.9
-13422.9
-13422.9
-13419.8
-13409.8
-13402.3
-13398.8
-13398.8
-13398.8
-13385.4
-13381.7
-13377.8
-13377.8
-13370.4
-13353.3
-13350.1
-13346.5
-13346.5
-13339.1
-13321.8
-13318.3
-13318.3
-13310.9
-13289
-13275.5
-13272.2
-13261.6
-13261.6
-13261.7
-13248.8
-13248.8
-13245
-13241.7
-13234.8
-13218.1
-13207.2
-13197.3
-13190.8
-13190.8
-13181
-13167.4
-13153.2
-13145.8
-13135.1
-13101.1
-13094.1
-13090.6
-13083.7
-13080.2
-13063
-13047.3
-13040.4
-13033
-13025.5
-13012.4
-13009
-13005.5
-13002.4
-12995.7
-12975.3
-12968.4
-12968.4
-12964.7
-12964.7
-12955
-12951.7
-12948.4
-12941.3
-12930.7
-12907
-12903.6
-12900.2
-12887.1
-12870.3
-12853.6
-12839.9
-12836.2
-12836.2
-12829.3
-12816.2
-12802.4
-12791.8
-12784.8
-12777.5
-12757.1
-12743
-12729.8
-12718.7
-12704.4
-12680
-12658.8
-12648.4
-12641.3
-12630.6
-12621.2
-12614.3
-12603
-12584.9
-12574.5
-12557.4
-12557.4
-12554
-12547.3
-12533.5
-12517.4
-12507.1
-12489.6
-12479.3
-12465.5
-12452.6
-12445.9
-12428.1
-12421.1
-12417.8
-12397.8
-12386.1
-12379.2
-12365.9
-12359.1
-12342.9
-12336
-12336
-12332.4
-12322.3
-12309.3
-12309.3
-12309.3
-12309.3
-12295.4
-12282.9
-12268.6
-12261.6
-12254.4
-12237.1
-12221.3
-12217.9
-12214.4
-12200.6
-12187.2
-12152.6
-12149.1
-12145.4
-12129.1
-12111.5
-12092.2
-12086.1
-12083
-12079.5
-12062.3
-12035.6
-12028.7
-12018.5
-12008.2
-11994.9
-11978.6
-11965
-11946.8
-11936.5
-11915.2
-11892.5
-11881.6
-11877.8
-11856.7
-11831.8
-11815.5
-11809
-11798.3
-11780.8
-11766.5
-11736.2
-11733
-11729.4
-11707.7
-11690.6
-11674.6
-11661.2
-11654.3
-11647.8
-11644.1
-11632.1
-11625.4
-11625.4
-11625.4
-11622.1
-11609.4
-11599.2
-11599.2
-11589
-11589
-11580.1
-11576.6
-11576.7
-11573.1
-11573
-11550.1
-11550.1
-11540
-11533.1
-11522.3
-11499.7
-11499.7
-11488.6
-11488.6
-11471.7
-11449.2
-11441.9
-11441.9
-11435.3
-11431.6
-11419.5
-11405.5
-11392.3
-11378.8
-11371.1
-11352
-11344.9
-11334.4
-11326.8
-11316.9
-11294.3
-11287
-11280.4
-11269.6
-11263.1
-11254.5
-11250.7
-11247
-11243.5
-11240.1
-11231.5
-11228
-11228
-11224.5
-11224.4
-11215.8
-11215.8
-11211.9
-11208.5
-11208.5
-11199.9
-11199.9
-11196.6
-11196.6
-11196.6
-11184.3
-11184.3
-11184.3
-11177.7
-11170.2
-11150.9
-11150.9
-11150.9
-11151
-11150.9
-11142.3
-11142.3
-11142.3
-11134.8
-11131.4
-11113.1
-11113.1
-11105.8
-11103.1
-11100
-11088.8
-11085.5
-11085.6
-11085.6
-11082.4
-11073.8
-11073.8
-11073.8
-11073.8
-11073.8
-11065.2
-11065.3
-11065.3
-11065.3
-11065.2
-11056.7
-11056.7
-11056.7
-11053.7
-11050.2
-11041.6
-11041.6
-11041.6
-11041.6
-11041.6
-11033.1
-11033
-11033
-11029.6
-11029.6
-11021
-11021
-11021
-11021
-11018
-11009.4
-11009.4
-11009.4
-11009.4
-11009.4
-11000.9
-11000.9
-11000.8
-11000.8
-11000.9
-10992.3
-10992.3
-10992.3
-10992.3
-10992.3
-10980.3
-10980.2
-10980.3
-10977.1
-10977.2
-10968.6
-10968.6
-10968.6
-10968.6
-10968.6
-10960
-10960
-10960
-10956.6
-10953.6
-10945.1
-10945.1
-10945.1
-10945.1
-10945
-10936.5
-10936.5
-10936.5
-10936.5
-10936.5
-10927.9
-10927.9
-10927.9
-10927.9
-10927.9
-10919.3
-10919.3
-10919.4
-10919.3
-10919.4
-10910.8
-10910.8
-10910.8
-10910.8
-10907.5
-10898.9
-10895.2
-10891.8
-10891.9
-10891.9
-10883.3
-10883.3
-10883.3
-10883.3
-10883.3
-10874.8
-10874.8
-10874.7
-10874.8
-10874.8
-10866.2
-10866.2
-10866.2
-10866.2
-10866.2
-10857.6
-10857.6
-10857.6
-10857.6
-10857.7
-10849.1
-10849.1
-10849.1
-10849.1
-10849.1
-10840.5
-10840.5
-10840.5
-10840.5
-10840.5
-10832
-10831.9
-10831.9
-10831.9
-10831.9
-10823.4
-10823.4
-10823.4
-10823.4
-10823.4
-10814.8
-10814.8
-10814.8
-10814.8
-10814.8
-10806.3
-10806.3
-10806.3
-10806.2
-10803.2
-10794.6
-10794.6
-10794.6
-10794.6
-10794.6
-10786
