-7521.8
-7516.46
-7516.46
-7516.46
-7516.45
-7516.46
-7511.16
-7511.14
-7511.16
-7511.16
-7511.17
-7505.87
-7505.85
-7505.82
-7505.88
-7505.86
-7500.53
-7500.54
-7500.57
-7500.56
-7500.57
-7495.22
-7495.23
-7495.23
-7495.21
-7495.21
-7489.91
-7489.92
-7489.95
-7489.89
-7489.93
-7484.62
-7484.61
-7484.59
-7484.61
-7484.6
-7479.25
-7479.25
-7479.29
-7479.26
-7479.25
-7473.91
-7473.91
-7473.92
-7473.91
-7473.9
-7468.59
-7468.59
-7468.6
-7468.59
-7468.6
-7463.27
-7463.26
-7463.27
-7463.27
-7463.27
-7457.95
-7457.95
-7457.94
-7457.95
-7457.95
-7452.62
-7452.63
-7452.62
-7452.62
-7452.62
-7447.3
-7447.3
-7447.31
-7447.3
-7447.3
-7441.98
-7441.98
-7441.98
-7441.98
-7441.98
-7436.66
-7436.66
-7436.65
-7436.66
-7436.66
-7431.34
-7431.34
-7431.33
-7431.33
-7431.34
-7426.01
-7426.01
-7426.01
-7426.01
-7426.01
-7420.7
-7420.69
-7420.69
-7420.7
-7420.69
-7415.37
-7415.37
-7415.37
-7415.37
-7415.38
-7410.05
-7410.05
-7410.05
-7410.05
-7410.05
-7404.73
-7404.73
-7404.73
-7404.73
-7404.73
-7399.41
-7399.41
-7399.41
-7399.41
-7399.4
-7394.08
-7394.08
-7394.08
-7394.08
-7394.09
-7388.76
-7388.76
-7388.76
-7388.76
-7388.76
-7383.44
-7383.44
-7383.44
-7383.44
-7383.44
-7378.12
-7378.11
-7378.11
-7378.11
-7378.11
-7372.79
-7372.79
-7372.79
-7372.79
-7372.79
-7367.47
-7367.46
-7367.47
-7367.46
-7367.47
-7362.15
-7362.15
-7362.15
-7362.15
-7362.15
-7356.82
-7356.82
-7356.82
-7356.82
-7356.82
-7351.5
-7351.5
-7351.51
-7351.51
-7351.5
-7346.19
-7346.18
-7346.18
-7346.18
-7346.18
-7340.86
-7340.86
-7340.87
-7340.87
-7340.87
-7335.54
-7335.54
-7335.54
-7335.55
-7335.55
-7330.22
-7330.22
-7330.23
-7330.22
-7330.22
-7324.9
-7324.9
-7324.9
-7324.9
-7324.9
-7319.58
-7319.57
-7319.58
-7319.57
-7319.57
-7314.26
-7314.25
-7314.26
-7314.25
-7314.25
-7308.92
-7308.93
-7308.94
-7308.93
-7308.92
-7303.61
-7303.61
-7303.61
-7303.61
-7303.62
-7298.29
-7298.28
-7298.3
-7298.3
-7298.29
-7292.98
-7292.97
-7292.97
-7292.98
-7292.98
-7287.65
-7287.65
-7287.65
-7287.64
-7287.65
-7282.32
-7282.33
-7282.32
-7282.32
-7282.32
-7277
-7277
-7277.01
-7277
-7277
-7271.68
-7271.68
-7271.68
-7271.68
-7271.67
-7266.35
-7266.35
-7266.35
-7266.35
-7266.35
-7261.03
-7261.03
-7261.03
-7261.04
-7261.04
-7255.71
-7255.71
-7255.72
-7255.72
-7255.72
-7250.39
-7250.39
-7250.39
-7250.39
-7250.39
-7245.07
-7245.07
-7245.07
-7245.07
-7245.07
-7239.75
-7239.75
-7239.74
-7239.75
-7239.75
-7234.41
-7234.43
-7234.42
-7234.43
-7234.43
-7229.1
-7229.11
-7229.09
-7229.11
-7229.1
-7223.79
-7223.78
-7223.78
-7223.77
-7223.78
-7218.46
-7218.46
-7218.46
-7218.45
-7218.46
-7213.13
-7213.13
-7213.14
-7213.14
-7213.14
-7207.8
-7207.8
-7207.81
-7207.8
-7207.81
-7202.49
-7202.49
-7202.48
-7202.48
-7202.49
-7197.17
-7197.17
-7197.17
-7197.17
-7197.16
-7191.84
-7191.84
-7191.84
-7191.84
-7191.84
-7186.52
-7186.52
-7186.51
-7186.51
-7186.51
-7181.19
-7181.19
-7181.19
-7181.2
-7181.19
-7175.87
-7175.87
-7175.88
-7175.87
-7175.86
-7170.55
-7170.55
-7170.56
-7170.55
-7170.55
-7165.22
-7165.23
-7165.22
-7165.22
-7165.22
-7159.9
-7159.9
-7159.9
-7159.91
-7159.89
-7154.58
-7154.58
-7154.58
-7154.57
-7154.58
-7149.24
-7149.25
-7149.26
-7149.23
-7149.25
-7143.92
-7143.92
-7143.93
-7143.94
-7143.92
-7138.61
-7138.61
-7138.61
-7138.6
-7138.6
-7133.28
-7133.29
-7133.28
-7133.28
-7133.28
-7127.96
-7127.96
-7127.96
-7127.95
-7127.96
-7122.63
-7122.64
-7122.63
-7122.63
-7122.64
-7117.32
-7117.31
-7117.32
-7117.3
-7117.32
-7111.98
-7111.98
-7111.99
-7111.98
-7111.98
-7106.66
-7106.66
-7106.66
-7106.67
-7106.66
-7101.34
-7101.34
-7101.34
-7101.32
-7101.34
-7096.01
-7096.01
-7096.01
-7096.02
-7096.01
-7090.68
-7090.68
-7090.67
-7090.68
-7090.69
-7085.36
-7085.38
-7085.38
-7085.37
-7085.38
-7080.04
-7080.04
-7080.04
-7080.05
-7080.05
-7074.73
-7074.74
-7074.73
-7074.74
-7074.73
-7069.42
-7069.41
-7069.42
-7069.42
-7069.42
-7064.09
-7064.09
-7064.11
-7064.1
-7064.1
-7058.78
-7058.77
-7058.78
-7058.78
-7058.78
-7053.45
-7053.45
-7053.45
-7053.45
-7053.46
-7048.13
-7048.13
-7048.12
-7048.14
-7048.15
-7042.8
-7042.82
-7042.8
-7042.82
-7042.82
-7037.49
-7037.49
-7037.5
-7037.49
-7037.48
-7032.17
-7032.17
-7032.16
-7032.16
-7032.16
-7026.84
-7026.82
-7026.83
-7026.84
-7026.83
-7021.51
-7021.51
-7021.5
-7021.51
-7021.53
-7016.18
-7016.19
-7016.19
-7016.19
-7016.19
-7010.86
-7010.88
-7010.87
-7010.86
-7010.88
-7005.54
-7005.54
-7005.55
-7005.54
-7005.53
-7000.22
-7000.22
-7000.23
-7000.21
-7000.22
-6994.9
-6994.89
-6994.9
-6994.89
-6994.89
-6989.57
-6989.58
-6989.58
-6989.58
-6989.57
-6984.25
-6984.24
-6984.25
-6984.24
-6984.26
-6978.93
-6978.94
-6978.92
-6978.93
-6978.93
-6973.59
-6973.6
-6973.6
-6973.6
-6973.59
-6968.28
-6968.28
-6968.27
-6968.29
-6968.29
-6962.95
-6962.95
-6962.95
-6962.97
-6962.96
-6957.64
-6957.64
-6957.65
-6957.63
-6957.63
-6952.31
-6952.31
-6952.3
-6952.32
-6952.33
-6946.97
-6946.98
-6946.99
-6947.02
-6947
-6941.67
-6941.66
-6941.66
-6941.66
-6941.66
-6936.33
-6936.35
-6936.36
-6936.35
-6936.35
-6931.03
-6931.03
-6931.04
-6931.03
-6931.02
-6925.72
-6925.71
-6925.73
-6925.71
-6925.72
-6920.39
-6920.39
-6920.4
-6920.4
-6920.38
-6915.07
-6915.06
-6915.08
-6915.06
-6915.07
-6909.76
-6909.74
-6909.75
-6909.75
-6909.75
-6904.43
-6904.43
-6904.43
-6904.43
-6904.41
-6899.1
-6899.1
-6899.1
-6899.12
-6899.1
-6893.77
-6893.76
-6893.78
-6893.78
-6893.79
-6888.46
-6888.46
-6888.46
-6888.46
-6888.46
-6883.14
-6883.13
-6883.13
-6883.14
-6883.13
-6877.81
-6877.8
-6877.82
-6877.81
-6877.81
-6872.48
-6872.49
-6872.48
-6872.49
-6872.48
-6867.16
-6867.18
-6867.17
-6867.17
-6867.17
-6861.84
-6861.85
-6861.83
-6861.85
-6861.84
-6856.52
-6856.52
-6856.51
-6856.52
-6856.52
-6851.21
-6851.17
-6851.18
-6851.2
-6851.19
-6845.85
-6845.88
-6845.87
-6845.87
-6845.87
-6840.55
-6840.54
-6840.56
-6840.55
-6840.57
-6835.23
-6835.24
-6835.24
-6835.22
-6835.24
-6829.92
-6829.91
-6829.91
-6829.92
-6829.91
-6824.58
-6824.6
-6824.59
-6824.6
-6824.59
-6819.26
-6819.26
-6819.25
-6819.28
-6819.26
-6813.94
-6813.93
-6813.95
-6813.95
-6813.94
-6808.62
-6808.62
-6808.63
-6808.61
-6808.61
-6803.31
-6803.3
-6803.28
-6803.29
-6803.32
-6797.99
-6797.97
-6797.98
-6797.97
-6797.97
-6792.66
-6792.65
-6792.64
-6792.65
-6792.64
-6787.33
-6787.35
-6787.33
-6787.34
-6787.34
-6782.01
-6782.02
-6782.01
-6782
-6782.01
-6776.68
-6776.68
-6776.67
-6776.69
-6776.67
-6771.36
-6771.36
-6771.38
-6771.37
-6771.37
-6766.05
-6766.04
-6766.04
-6766.02
-6766.04
-6760.7
-6760.71
-6760.71
-6760.71
-6760.71
-6755.4
-6755.38
-6755.39
-6755.37
-6755.39
-6750.07
-6750.08
-6750.07
-6750.06
-6750.06
-6744.75
-6744.77
-6744.74
-6744.74
-6744.74
-6739.42
-6739.44
-6739.42
-6739.45
-6739.43
-6734.11
-6734.13
-6734.08
-6734.09
-6734.1
-6728.81
-6728.78
-6728.78
-6728.79
-6728.78
-6723.48
-6723.47
-6723.46
-6723.48
-6723.46
-6718.16
-6718.14
-6718.14
-6718.16
-6718.16
-6712.82
-6712.83
-6712.84
-6712.84
-6712.81
-6707.52
-6707.49
-6707.51
-6707.51
-6707.48
-6702.18
-6702.18
-6702.18
-6702.17
-6702.16
-6696.84
-6696.86
-6696.86
-6696.84
-6696.84
-6691.53
-6691.52
-6691.54
-6691.5
-6691.52
-6686.19
-6686.2
-6686.23
-6686.18
-6686.2
-6680.88
-6680.89
-6680.87
-6680.88
-6680.87
-6675.55
-6675.55
-6675.55
-6675.56
-6675.56
-6670.22
-6670.25
-6670.24
