-5153.44
-5149.8
-5149.77
-5149.77
-5149.79
-5149.77
-5146.11
-5146.13
-5146.12
-5146.13
-5146.11
-5142.47
-5142.45
-5142.46
-5142.47
-5142.46
-5138.82
-5138.81
-5138.78
-5138.81
-5138.82
-5135.17
-5135.16
-5135.16
-5135.15
-5135.15
-5131.51
-5131.48
-5131.52
-5131.5
-5131.49
-5127.84
-5127.83
-5127.85
-5127.85
-5127.84
-5124.2
-5124.16
-5124.18
-5124.16
-5124.17
-5120.52
-5120.51
-5120.52
-5120.52
-5120.51
-5116.86
-5116.85
-5116.86
-5116.84
-5116.85
-5113.2
-5113.19
-5113.19
-5113.19
-5113.19
-5109.53
-5109.52
-5109.53
-5109.52
-5109.53
-5105.87
-5105.87
-5105.87
-5105.87
-5105.87
-5102.21
-5102.21
-5102.21
-5102.21
-5102.21
-5098.55
-5098.54
-5098.55
-5098.55
-5098.55
-5094.89
-5094.88
-5094.89
-5094.89
-5094.89
-5091.23
-5091.23
-5091.23
-5091.23
-5091.23
-5087.57
-5087.57
-5087.57
-5087.57
-5087.57
-5083.91
-5083.91
-5083.91
-5083.91
-5083.91
-5080.25
-5080.24
-5080.25
-5080.25
-5080.25
-5076.59
-5076.59
-5076.59
-5076.59
-5076.59
-5072.93
-5072.92
-5072.92
-5072.93
-5072.92
-5069.26
-5069.26
-5069.26
-5069.26
-5069.27
-5065.61
-5065.6
-5065.6
-5065.6
-5065.61
-5061.94
-5061.95
-5061.94
-5061.94
-5061.94
-5058.28
-5058.27
-5058.27
-5058.28
-5058.28
-5054.61
-5054.62
-5054.62
-5054.61
-5054.62
-5050.96
-5050.96
-5050.95
-5050.96
-5050.95
-5047.3
-5047.29
-5047.3
-5047.29
-5047.29
-5043.63
-5043.63
-5043.64
-5043.63
-5043.63
-5039.97
-5039.97
-5039.97
-5039.97
-5039.97
-5036.31
-5036.31
-5036.31
-5036.31
-5036.31
-5032.65
-5032.65
-5032.65
-5032.65
-5032.65
-5028.99
-5028.99
-5028.99
-5028.99
-5028.99
-5025.33
-5025.33
-5025.33
-5025.33
-5025.33
-5021.66
-5021.67
-5021.67
-5021.67
-5021.67
-5018.01
-5018.01
-5018.01
-5018
-5018
-5014.35
-5014.35
-5014.35
-5014.35
-5014.35
-5010.69
-5010.69
-5010.69
-5010.69
-5010.68
-5007.03
-5007.03
-5007.03
-5007.03
-5007.02
-5003.37
-5003.36
-5003.37
-5003.36
-5003.36
-4999.7
-4999.7
-4999.71
-4999.7
-4999.7
-4996.03
-4996.04
-4996.03
-4996.03
-4996.03
-4992.38
-4992.37
-4992.38
-4992.37
-4992.38
-4988.72
-4988.72
-4988.72
-4988.72
-4988.71
-4985.05
-4985.06
-4985.06
-4985.06
-4985.06
-4981.4
-4981.4
-4981.4
-4981.39
-4981.4
-4977.73
-4977.73
-4977.73
-4977.73
-4977.73
-4974.07
-4974.07
-4974.08
-4974.08
-4974.08
-4970.41
-4970.42
-4970.41
-4970.41
-4970.41
-4966.76
-4966.75
-4966.76
-4966.76
-4966.75
-4963.09
-4963.1
-4963.1
-4963.09
-4963.09
-4959.44
-4959.44
-4959.43
-4959.44
-4959.43
-4955.77
-4955.77
-4955.77
-4955.77
-4955.77
-4952.12
-4952.11
-4952.11
-4952.11
-4952.11
-4948.45
-4948.45
-4948.44
-4948.44
-4948.44
-4944.78
-4944.78
-4944.79
-4944.79
-4944.78
-4941.12
-4941.12
-4941.11
-4941.12
-4941.12
-4937.46
-4937.46
-4937.46
-4937.47
-4937.47
-4933.8
-4933.81
-4933.8
-4933.8
-4933.8
-4930.14
-4930.15
-4930.15
-4930.15
-4930.15
-4926.48
-4926.48
-4926.48
-4926.48
-4926.48
-4922.81
-4922.82
-4922.82
-4922.82
-4922.81
-4919.15
-4919.15
-4919.15
-4919.16
-4919.16
-4915.49
-4915.49
-4915.5
-4915.5
-4915.49
-4911.84
-4911.84
-4911.83
-4911.84
-4911.84
-4908.18
-4908.17
-4908.18
-4908.18
-4908.18
-4904.51
-4904.51
-4904.52
-4904.51
-4904.51
-4900.85
-4900.84
-4900.85
-4900.85
-4900.85
-4897.2
-4897.19
-4897.19
-4897.19
-4897.19
-4893.54
-4893.53
-4893.53
-4893.54
-4893.53
-4889.87
-4889.87
-4889.87
-4889.86
-4889.86
-4886.2
-4886.2
-4886.21
-4886.21
-4886.2
-4882.54
-4882.54
-4882.55
-4882.54
-4882.54
-4878.89
-4878.89
-4878.87
-4878.88
-4878.88
-4875.23
-4875.21
-4875.23
-4875.22
-4875.23
-4871.56
-4871.57
-4871.57
-4871.57
-4871.57
-4867.91
-4867.9
-4867.9
-4867.91
-4867.91
-4864.24
-4864.25
-4864.26
-4864.23
-4864.25
-4860.6
-4860.59
-4860.58
-4860.57
-4860.58
-4856.92
-4856.93
-4856.92
-4856.92
-4856.92
-4853.26
-4853.26
-4853.26
-4853.25
-4853.26
-4849.6
-4849.6
-4849.6
-4849.59
-4849.6
-4845.93
-4845.93
-4845.94
-4845.93
-4845.94
-4842.28
-4842.27
-4842.28
-4842.28
-4842.28
-4838.62
-4838.61
-4838.61
-4838.61
-4838.61
-4834.95
-4834.95
-4834.95
-4834.94
-4834.96
-4831.31
-4831.3
-4831.29
-4831.29
-4831.29
-4827.64
-4827.64
-4827.62
-4827.63
-4827.62
-4823.96
-4823.98
-4823.97
-4823.96
-4823.97
-4820.3
-4820.3
-4820.31
-4820.31
-4820.31
-4816.64
-4816.64
-4816.64
-4816.64
-4816.64
-4812.97
-4812.98
-4812.97
-4812.97
-4812.97
-4809.31
-4809.32
-4809.32
-4809.32
-4809.31
-4805.66
-4805.66
-4805.65
-4805.66
-4805.65
-4801.99
-4801.99
-4802
-4801.99
-4801.99
-4798.34
-4798.34
-4798.33
-4798.33
-4798.33
-4794.68
-4794.68
-4794.67
-4794.67
-4794.67
-4790.99
-4791.02
-4791
-4791.01
-4791.01
-4787.35
-4787.33
-4787.34
-4787.34
-4787.34
-4783.69
-4783.69
-4783.68
-4783.69
-4783.68
-4780.01
-4780.02
-4780.02
-4780.02
-4780.01
-4776.36
-4776.37
-4776.36
-4776.37
-4776.37
-4772.71
-4772.69
-4772.71
-4772.7
-4772.71
-4769.03
-4769.05
-4769.04
-4769.05
-4769.04
-4765.39
-4765.39
-4765.39
-4765.38
-4765.38
-4761.71
-4761.72
-4761.72
-4761.72
-4761.73
-4758.07
-4758.05
-4758.06
-4758.06
-4758.06
-4754.4
-4754.4
-4754.4
-4754.4
-4754.4
-4750.73
-4750.73
-4750.74
-4750.73
-4750.74
-4747.07
-4747.07
-4747.08
-4747.07
-4747.07
-4743.41
-4743.41
-4743.4
-4743.4
-4743.42
-4739.74
-4739.74
-4739.74
-4739.74
-4739.74
-4736.08
-4736.1
-4736.09
-4736.09
-4736.09
-4732.42
-4732.41
-4732.41
-4732.43
-4732.43
-4728.76
-4728.77
-4728.76
-4728.77
-4728.76
-4725.1
-4725.1
-4725.11
-4725.11
-4725.1
-4721.44
-4721.44
-4721.45
-4721.43
-4721.44
-4717.79
-4717.78
-4717.78
-4717.79
-4717.78
-4714.11
-4714.12
-4714.11
-4714.12
-4714.13
-4710.45
-4710.45
-4710.47
-4710.45
-4710.47
-4706.79
-4706.79
-4706.8
-4706.8
-4706.82
-4703.13
-4703.15
-4703.13
-4703.15
-4703.14
-4699.47
-4699.48
-4699.49
-4699.47
-4699.48
-4695.83
-4695.82
-4695.83
-4695.82
-4695.83
-4692.15
-4692.16
-4692.16
-4692.15
-4692.15
-4688.5
-4688.49
-4688.5
-4688.51
-4688.5
-4684.85
-4684.84
-4684.85
-4684.85
-4684.84
-4681.18
-4681.19
-4681.18
-4681.17
-4681.17
-4677.51
-4677.52
-4677.51
-4677.52
-4677.49
-4673.86
-4673.86
-4673.86
-4673.85
-4673.85
-4670.2
-4670.19
-4670.19
-4670.19
-4670.19
-4666.5
-4666.53
-4666.54
-4666.53
-4666.52
-4662.88
-4662.86
-4662.87
-4662.87
-4662.88
-4659.21
-4659.21
-4659.2
-4659.2
-4659.21
-4655.53
-4655.54
-4655.55
-4655.54
-4655.54
-4651.87
-4651.89
-4651.88
-4651.85
-4651.88
-4648.22
-4648.23
-4648.23
-4648.21
-4648.23
-4644.56
-4644.55
-4644.57
-4644.55
-4644.55
-4640.89
-4640.9
-4640.91
-4640.9
-4640.9
-4637.24
-4637.23
-4637.24
-4637.22
-4637.23
-4633.57
-4633.56
-4633.58
-4633.59
-4633.55
-4629.91
-4629.91
-4629.91
-4629.91
-4629.92
-4626.24
-4626.25
-4626.24
-4626.26
-4626.26
-4622.59
-4622.58
-4622.6
-4622.6
-4622.58
-4618.94
-4618.93
-4618.93
-4618.93
-4618.94
-4615.26
-4615.26
-4615.26
-4615.27
-4615.26
-4611.6
-4611.6
-4611.6
-4611.6
-4611.6
-4607.94
-4607.94
-4607.94
-4607.93
-4607.94
-4604.27
-4604.29
-4604.28
-4604.27
-4604.27
-4600.62
-4600.62
-4600.6
-4600.62
-4600.63
-4596.96
-4596.95
-4596.95
-4596.96
-4596.96
-4593.27
-4593.3
-4593.27
-4593.29
-4593.31
-4589.63
-4589.65
-4589.64
