-10511
-10503.6
-10503.6
-10503.5
-10503.6
-10503.6
-10496.1
-10496.2
-10496.2
-10496.1
-10496.2
-10488.7
-10488.7
-10488.7
-10488.7
-10488.7
-10481.3
-10481.3
-10481.3
-10481.3
-10481.3
-10473.9
-10473.9
-10473.9
-10473.9
-10473.9
-10466.5
-10466.5
-10466.5
-10466.5
-10466.5
-10459
-10459.1
-10459
-10459
-10459
-10451.6
-10451.6
-10451.6
-10451.6
-10451.6
-10444.2
-10444.2
-10444.2
-10444.2
-10444.2
-10436.7
-10436.7
-10436.8
-10436.7
-10436.7
-10429.3
-10429.3
-10429.3
-10429.3
-10429.3
-10421.9
-10421.9
-10421.9
-10421.9
-10421.9
-10414.5
-10414.5
-10414.5
-10414.5
-10414.5
-10407
-10407.1
-10407.1
-10407.1
-10407.1
-10399.6
-10399.6
-10399.6
-10399.6
-10399.6
-10392.2
-10392.2
-10392.2
-10392.2
-10392.2
-10384.8
-10384.8
-10384.8
-10384.8
-10384.8
-10377.4
-10377.4
-10377.4
-10377.4
-10377.4
-10369.9
-10369.9
-10369.9
-10369.9
-10369.9
-10362.5
-10362.5
-10362.5
-10362.5
-10362.5
-10355.1
-10355.1
-10355.1
-10355.1
-10355.1
-10347.7
-10347.7
-10347.7
-10347.7
-10347.7
-10340.2
-10340.2
-10340.2
-10340.2
-10340.2
-10332.8
-10332.8
-10332.8
-10332.8
-10332.8
-10325.4
-10325.4
-10325.4
-10325.4
-10325.4
-10318
-10318
-10318
-10318
-10318
-10310.6
-10310.6
-10310.6
-10310.6
-10310.6
-10303.1
-10303.1
-10303.1
-10303.1
-10303.1
-10295.7
-10295.7
-10295.7
-10295.7
-10295.7
-10288.3
-10288.3
-10288.3
-10288.3
-10288.3
-10280.9
-10280.9
-10280.9
-10280.9
-10280.9
-10273.4
-10273.4
-10273.4
-10273.4
-10273.4
-10266
-10266
-10266
-10266
-10266
-10258.6
-10258.6
-10258.6
-10258.6
-10258.6
-10251.2
-10251.2
-10251.2
-10251.2
-10251.2
-10243.7
-10243.8
-10243.7
-10243.7
-10243.7
-10236.3
-10236.3
-10236.3
-10236.3
-10236.3
-10228.9
-10228.9
-10228.9
-10228.9
-10228.9
-10221.5
-10221.5
-10221.5
-10221.5
-10221.5
-10214.1
-10214.1
-10214.1
-10214.1
-10214.1
-10206.6
-10206.6
-10206.6
-10206.6
-10206.6
-10199.2
-10199.2
-10199.2
-10199.2
-10199.2
-10191.8
-10191.8
-10191.8
-10191.8
-10191.8
-10184.4
-10184.4
-10184.4
-10184.4
-10184.4
-10176.9
-10176.9
-10176.9
-10176.9
-10176.9
-10169.5
-10169.5
-10169.5
-10169.5
-10169.5
-10162.1
-10162.1
-10162.1
-10162.1
-10162.1
-10154.7
-10154.7
-10154.7
-10154.7
-10154.7
-10147.2
-10147.2
-10147.2
-10147.2
-10147.2
-10139.8
-10139.8
-10139.8
-10139.8
-10139.8
-10132.4
-10132.4
-10132.4
-10132.4
-10132.4
-10125
-10125
-10125
-10125
-10125
-10117.5
-10117.5
-10117.5
-10117.5
-10117.5
-10110.1
-10110.1
-10110.1
-10110.1
-10110.1
-10102.7
-10102.7
-10102.7
-10102.7
-10102.7
-10095.3
-10095.3
-10095.3
-10095.3
-10095.3
-10087.8
-10087.8
-10087.8
-10087.8
-10087.8
-10080.4
-10080.4
-10080.4
-10080.4
-10080.4
-10073
-10073
-10073
-10073
-10073
-10065.6
-10065.6
-10065.6
-10065.6
-10065.6
-10058.2
-10058.2
-10058.2
-10058.2
-10058.1
-10050.7
-10050.7
-10050.7
-10050.7
-10050.7
-10043.3
-10043.3
-10043.3
-10043.3
-10043.3
-10035.9
-10035.9
-10035.9
-10035.9
-10035.9
-10028.5
-10028.5
-10028.5
-10028.5
-10028.5
-10021.1
-10021
-10021.1
-10021
-10021
-10013.6
-10013.6
-10013.6
-10013.6
-10013.6
-10006.2
-10006.2
-10006.2
-10006.2
-10006.2
-9998.78
-9998.77
-9998.77
-9998.77
-9998.77
-9991.35
-9991.34
-9991.35
-9991.35
-9991.34
-9983.92
-9983.92
-9983.92
-9983.92
-9983.92
-9976.5
-9976.5
-9976.49
-9976.5
-9976.5
-9969.08
-9969.07
-9969.08
-9969.08
-9969.07
-9961.65
-9961.66
-9961.64
-9961.66
-9961.64
-9954.22
-9954.22
-9954.24
-9954.22
-9954.22
-9946.79
-9946.8
-9946.79
-9946.81
-9946.8
-9939.37
-9939.38
-9939.39
-9939.37
-9939.38
-9931.96
-9931.97
-9931.96
-9931.95
-9931.97
-9924.54
-9924.54
-9924.54
-9924.54
-9924.53
-9917.11
-9917.09
-9917.12
-9917.11
-9917.11
-9909.69
-9909.68
-9909.68
-9909.69
-9909.69
-9902.26
-9902.25
-9902.26
-9902.24
-9902.25
-9894.85
-9894.83
-9894.83
-9894.85
-9894.83
-9887.41
-9887.41
-9887.41
-9887.42
-9887.41
-9879.99
-9879.99
-9879.97
-9879.98
-9879.98
-9872.57
-9872.57
-9872.55
-9872.58
-9872.56
-9865.13
-9865.15
-9865.16
-9865.15
-9865.14
-9857.71
-9857.7
-9857.72
-9857.71
-9857.71
-9850.29
-9850.29
-9850.29
-9850.31
-9850.27
-9842.87
-9842.88
-9842.87
-9842.88
-9842.85
-9835.44
-9835.43
-9835.42
-9835.45
-9835.43
-9828.02
-9828.02
-9828
-9828
-9828.01
-9820.6
-9820.59
-9820.59
-9820.6
-9820.61
-9813.16
-9813.16
-9813.16
-9813.17
-9813.16
-9805.74
-9805.74
-9805.74
-9805.73
-9805.73
-9798.31
-9798.33
-9798.31
-9798.31
-9798.31
-9790.9
-9790.89
-9790.89
-9790.89
-9790.89
-9783.47
-9783.47
-9783.47
-9783.46
-9783.47
-9776.04
-9776.04
-9776.03
-9776.05
-9776.03
-9768.62
-9768.61
-9768.61
-9768.6
-9768.61
-9761.19
-9761.21
-9761.2
-9761.2
-9761.18
-9753.77
-9753.76
-9753.76
-9753.75
-9753.77
-9746.34
-9746.32
-9746.35
-9746.33
-9746.34
-9738.9
-9738.91
-9738.91
-9738.93
-9738.91
-9731.48
-9731.49
-9731.49
-9731.48
-9731.49
-9724.05
-9724.05
-9724.07
-9724.06
-9724.07
-9716.63
-9716.65
-9716.65
-9716.64
-9716.64
-9709.22
-9709.2
-9709.19
-9709.21
-9709.22
-9701.79
-9701.81
-9701.8
-9701.79
-9701.79
-9694.39
-9694.36
-9694.37
-9694.36
-9694.36
-9686.92
-9686.95
-9686.95
-9686.94
-9686.94
-9679.52
-9679.52
-9679.51
-9679.5
-9679.51
-9672.06
-9672.1
-9672.11
-9672.08
-9672.08
-9664.67
-9664.66
-9664.67
-9664.67
-9664.66
-9657.23
-9657.24
-9657.24
-9657.24
-9657.24
-9649.84
-9649.8
-9649.81
-9649.82
-9649.81
-9642.39
-9642.39
-9642.39
-9642.4
-9642.41
-9634.98
-9634.96
-9634.98
-9634.97
-9634.95
-9627.54
-9627.56
-9627.53
-9627.56
-9627.55
-9620.13
-9620.12
-9620.12
-9620.12
-9620.12
-9612.69
-9612.71
-9612.7
-9612.7
-9612.69
-9605.26
-9605.26
-9605.25
-9605.28
-9605.26
-9597.84
-9597.85
-9597.85
-9597.86
-9597.84
-9590.43
-9590.42
-9590.42
-9590.44
-9590.41
-9583.01
-9582.99
-9583
-9583.02
-9582.99
-9575.56
-9575.55
-9575.58
-9575.56
-9575.54
-9568.14
-9568.14
-9568.14
-9568.14
-9568.14
-9560.72
-9560.71
-9560.73
-9560.71
-9560.73
-9553.29
-9553.3
-9553.31
-9553.28
-9553.28
-9545.87
-9545.88
-9545.87
-9545.88
-9545.88
-9538.45
-9538.44
-9538.45
-9538.43
-9538.45
-9531.03
-9531.02
-9531.02
-9531.02
-9531.02
-9523.61
-9523.6
-9523.6
-9523.61
-9523.6
-9516.19
-9516.21
-9516.18
-9516.19
-9516.19
-9508.76
-9508.78
-9508.77
-9508.79
-9508.75
-9501.36
-9501.34
-9501.36
-9501.34
-9501.34
-9493.92
-9493.93
-9493.93
-9493.92
-9493.92
-9486.48
-9486.48
-9486.48
-9486.5
-9486.48
-9479.07
-9479.07
-9479.06
-9479.08
-9479.07
-9471.63
-9471.63
-9471.67
-9471.64
-9471.64
-9464.2
-9464.22
-9464.22
-9464.25
-9464.21
-9456.83
-9456.8
-9456.8
-9456.82
-9456.82
-9449.39
-9449.41
-9449.4
-9449.38
-9449.39
-9441.95
-9441.96
-9441.95
-9441.97
-9441.97
-9434.54
-9434.54
-9434.53
-9434.54
-9434.52
-9427.12
-9427.13
-9427.1
-9427.13
-9427.11
-9419.7
-9419.68
-9419.68
-9419.69
-9419.68
-9412.26
-9412.26
-9412.26
-9412.26
-9412.29
-9404.84
-9404.86
-9404.83
-9404.83
-9404.84
-9397.42
-9397.43
-9397.44
-9397.41
-9397.42
-9389.99
-9390
-9389.98
-9389.98
-9389.98
-9382.55
-9382.57
-9382.55
-9382.57
-9382.58
-9375.16
-9375.15
-9375.14
-9375.11
-9375.15
-9367.72
-9367.72
-9367.71
-9367.72
-9367.71
-9360.31
-9360.31
-9360.3
-9360.28
-9360.29
-9352.87
-9352.85
-9352.87
-9352.88
-9352.87
-9345.47
-9345.48
-9345.44
-9345.46
-9345.46
-9338
-9338.04
-9338.03
-9338.03
-9338.03
-9330.6
-9330.59
-9330.6
-9330.6
-9330.61
-9323.2
