89.2069
169.465
116.271
119.76
134.268
94.4851
116.494
131.383
129.038
124.822
105.784
132.307
125.194
123.111
151.329
137.677
155.574
151.616
137.737
158.741
193.805
164.168
154.242
161.499
137.089
141.048
165.725
127.538
184.169
146.394
170.644
185.18
148.316
208.71
207.949
182.109
258.792
150.977
213.763
155.976
176.684
201.697
165.621
206.075
200.852
202.902
218.336
195.429
237.625
187.775
216.944
235.087
206.377
217.553
202.193
217.842
245.286
227.548
235.338
215.613
237.305
239.982
222.351
249.258
222.25
240.867
247.777
229.334
248.914
237.545
245.407
263.881
244.465
258.418
248.911
262.165
266.552
252.61
273.793
262.403
264.33
277.071
269.189
277.052
267.532
271.125
287.162
275.844
279.906
285.713
278.235
292.85
288.925
301.358
298.366
283.771
299.112
293.965
301.569
306.284
306.76
313.363
309.136
309.405
310.65
316.206
321.778
313.099
313.214
314.603
320.208
331.569
327.289
329.635
333.248
330.931
344.74
339.255
340.106
335.869
349.145
342.742
355.834
351.813
350.011
365.266
355.926
343.235
349.732
357.198
357.881
358.341
371.624
382.954
362.056
376.686
383.845
370.626
375.859
366.825
368.989
392.122
373.955
404.411
393.445
377.715
393.381
386.344
405.843
395.083
388.575
411.526
411.088
410.144
411.828
406.731
421.093
408.054
418.164
414.073
412.444
413.005
416.235
417.034
417.167
426.792
418.775
439.044
430.332
439.336
450.242
449.408
445.092
440.735
439.95
450.307
439.388
440.734
449.996
448.641
460.878
466.321
462.654
459.216
447.421
455.897
469.799
461.862
470.71
464.298
476.687
490.759
480.472
485.316
478.755
475.179
491.942
491.404
486.041
496.245
481.167
502.86
480.819
495.462
492.682
498.837
503.554
493.612
516.192
496.141
508.416
508.114
524.974
509.783
498.984
506.243
528.153
521.421
533.956
510.076
536.131
537.309
528.306
541.667
539.911
518.712
535.322
530.217
537.323
551.551
546.422
570.113
541.903
552.017
550.064
547.288
547.886
557.37
558.967
555.157
544.627
571.197
551.692
562.36
568.43
579.483
559.653
567.084
574.625
558.036
550.617
611.94
577.147
585.962
586.812
576.042
583.514
605.141
589.026
586.947
595.73
608.442
615.387
591.272
584.964
588.222
610.426
609.989
615.667
614.46
596.634
629.568
610.256
606.11
624.699
620.246
637.97
625.8
625.287
620.927
623.649
629.61
619.1
650.95
632.688
626.086
646.609
629.794
637.711
640.152
635.907
662.344
637.281
647.733
662.665
653.76
653.87
670.131
652.597
655.825
653.093
654.399
673.566
674.938
673.493
700.93
674.389
683.917
699.742
662.504
666.388
679.719
681.812
700.697
668.055
676.844
693.743
668.653
680.242
706.02
688.016
677.413
686.88
701.487
687.938
684.898
696.952
694.118
692.917
689.927
694.916
708.639
701.181
706.07
734.065
707.267
684.583
714.678
719.708
710.539
706.525
709.662
690.762
729.816
724.884
716.407
743.347
718.558
724.602
736.962
724.361
760.216
731.797
727.722
738.185
765.327
745.054
754.433
750.286
730.45
739.475
753.541
721.715
762.045
747.448
755.936
751.482
749.691
756.103
758.408
759.928
783.773
756.497
760.939
779.65
768.346
783.987
769.097
774.634
767.558
772.319
785.825
785.813
782.819
771.312
801.597
776.069
783.81
786.759
783.615
813.47
758.431
798.841
820.463
764.153
802.179
809.819
783.378
782.191
777.793
796.605
793.511
801.841
790.466
793.794
809.147
796.354
807.256
813.484
786.551
810.728
801.812
821.359
804.612
817.033
815.631
794.592
798.389
820.972
790.902
798.431
814.386
805.765
806.668
823.243
826.569
804.647
819.504
812.654
793.003
829.14
821.516
811.736
813.881
813.687
805.277
836.981
828.743
789.148
805.304
782.307
799.522
801.521
784.497
810.977
775.663
812.708
826.613
792.056
810.318
817.662
807.512
802.277
825.574
811.718
841.601
795.561
790.731
803.543
815.034
805.313
805.666
832.033
796.231
794.881
805.341
822.896
803.356
814.028
804.238
807.803
845.629
800.686
795.424
797.3
807.493
797.036
810.918
811.027
798.838
807.378
807.791
826.249
822.249
825.006
801.585
806.226
845.205
806.261
833.7
807.164
795.056
830.054
796.349
793.583
831.063
819.483
795.378
825.911
796.057
833.536
837.199
847.839
809.176
828.255
797.331
815.77
810.628
799.189
805.562
780.821
783.653
818.339
793.292
817.621
814.129
801.013
780.718
818.786
816.338
801.735
834.449
816.721
843.278
831.419
827.033
834.098
831.756
843.76
821.001
851.543
814.458
826.464
855.495
813.528
844.334
857.66
827.248
845.212
834.045
839.938
847.151
871.062
844.976
852.098
838.691
846.423
850.151
854.58
831.076
834.074
835.054
856.978
856.99
848.132
860.397
862.9
866.843
858.308
852.092
887.042
880.285
864.184
883.342
870.942
873.952
884.005
862.334
893.354
874.905
891.719
879.744
869.853
866.449
886.193
898.618
882.748
907.59
910.244
911.009
908.713
903.093
920.415
916.776
925.277
876.813
901.302
904.564
919.704
867.857
908.355
963.617
902.304
912.119
941.994
917.9
889.714
920.385
904.089
932.579
952.75
920.098
928.152
934.051
923.535
959.543
930.489
919.94
914.355
945.589
952.37
927.249
953.656
922.266
955.642
926.549
942.237
958.524
968.451
950.882
957.484
999.598
978.597
976.95
953.248
954.864
952.073
977.844
984.837
964.436
965.086
989.154
964.941
981.066
984.871
968.355
983.056
957.725
975.995
990.883
991.029
970.598
1010.4
993.106
965.899
995.985
975.367
994.859
981.971
980.211
956.835
1002.8
1015.83
1015.06
976.476
966.723
1048.28
1022.71
1000.6
1006.25
999.48
975.109
1030.44
1024.43
1027.79
1008.19
1028.02
1045.45
1020.88
1021.79
1035.69
1060.15
1028.43
1011.92
1041.51
1023.6
998.101
1026.64
1024.1
1033.08
1038.15
1007.46
1029.19
1066.29
1001.59
1029.67
1063.87
1073.58
1072.5
1038.72
1072.13
1031.11
1030.23
1090.37
1041.52
1068.25
1095.38
1046.88
1079.68
1083.71
1090.72
1091.65
1068.03
1070.21
1066.18
1070.25
1068.17
1060.02
1079.56
1089.96
1058.38
1097.06
1074.15
1097.95
1112.2
1070.47
1074.92
1088.64
1102.28
1115.97
1074.59
1100.83
1112.5
1105.37
1097.68
1092.83
1109.08
1112.73
1095.54
1125.09
1099.07
1141.21
1139.36
1126.11
1103.3
1087.58
1126.77
1126.74
1118.3
1119.91
1088.38
1111.65
1150.65
1123.46
1159.07
1141.88
1150.3
1163.19
1141.36
1165.36
1102.25
1135.28
1177.37
1126.45
1138.67
1188.09
1184.26
1113.68
1131.75
1183.13
1152.81
1158.58
1157.39
1132.17
1169.29
1182.28
1121.57
1199.75
1209.19
