0.927614
78.1754
119.926
125.379
189.011
138.584
204.401
142.494
185.865
194.928
136.545
157.346
135.638
135.197
114.87
175.918
146.655
140.375
157.28
179.852
161.598
239.244
201.999
223.787
209.485
178.356
156.895
145.806
203.834
166.674
172.145
165.756
195.27
182.225
236.864
233.034
256.011
224.979
233.142
250.498
212.992
221.883
166.356
211.972
167.277
225.354
205.061
250.119
226.995
239.266
236.033
236.264
242.61
213.754
235.732
207.361
243.519
213.663
266.413
237.832
248.278
270.276
255.228
260.385
252.797
256.769
247.636
274.857
247.808
266.595
254.998
277.512
276.405
271.336
278.145
264.416
292.729
277.196
283.038
279.313
296.827
294.074
290.362
289.702
286.38
285.118
297.689
298.693
305.536
300.469
303.627
321.183
305.347
318.085
312.835
304.886
313.649
319.304
324.013
309.864
324.273
325.127
329.393
325.431
328.507
328.987
324.874
329.027
338.353
328.197
341.397
345.601
351.898
352.402
339.549
352.974
355.816
348.859
346.871
362.902
354.177
357.481
371.572
356.17
365.413
369.961
373.382
366.182
372.177
373.922
383.656
380.442
392.039
378.193
390.365
382.763
393.622
398.215
385.97
392.269
386.547
390.388
401.598
391.359
393.015
405.698
408.28
405.836
410.516
409.336
407.538
411.917
413.428
415.038
421.031
423.209
425.219
430.93
443.61
433.941
440.735
438.155
444.784
455.949
439.615
446.647
424.998
440.784
451.542
443.372
441.992
465.476
469.243
464.467
461.031
461.033
470.688
475.839
469.012
474.179
463.082
482.401
476.162
484.328
485.669
481.399
477.132
487.757
489.866
492.906
479.765
480.401
467.449
501.635
485.965
499.381
513.169
502.454
493.954
530.08
497.245
498.9
511.703
491.528
519.973
509.451
516.679
517.701
508.075
514.891
523.863
529.178
543.129
529.507
546.717
530.762
554.696
533.795
540.814
542.073
531.597
544.77
544.638
534.291
554.562
560.045
546.984
548.216
545.728
569.863
552.642
572.736
556.872
571.252
575.763
556.657
577.218
567.189
572.174
566.138
566.691
561.576
575.958
571.817
568.007
573.697
593.357
586.375
574.626
577.116
579.956
588.319
596.083
604.708
591.925
607.345
596.64
588.803
602.443
603.568
618.193
607.19
601.696
627.481
595.004
604.863
618.857
613.204
614.323
616.917
618.096
611.965
637.473
626.395
632.389
617.462
644.403
629.138
612.058
645.487
629.922
629.523
640.941
659.206
654.683
634.956
671.217
634.114
648.122
646.718
655.309
654.046
648.128
661.457
677.096
671.538
653.724
699.894
669.071
663.58
681.387
642.052
684.366
685.139
684.394
682.617
679.394
688.021
713.154
651.98
679.908
675.356
694.95
700.746
666.33
683.798
684.706
684.009
684.596
693.868
694.191
706.65
716.829
685
708.558
692.196
692.245
720.721
691.278
697.37
708.763
692.655
735.264
707.659
725.61
713.75
729.156
721.373
695.347
710.329
687.965
725.543
727.026
728.033
708.691
711.343
714.144
741.008
708.94
740.148
726
711.164
750.104
725.186
730.387
736.277
737.234
715.412
736.272
742.858
718.006
750.897
759.915
732.771
738.489
744.658
746.784
771.198
729.78
760.486
723.967
749.752
755.53
729.228
731.993
728.198
746.964
719.57
749.628
759.696
757.638
754.348
750.929
751.372
741.063
739.912
744.945
784.043
785.831
786.342
773.415
775.409
800.382
781.048
775.021
770.046
802.921
780.452
764.623
792.922
797.134
763.382
801.137
773.361
777.623
790.118
787.854
807.039
796.797
768.758
781.21
796.304
784.72
786.34
785.726
758.525
794.691
792.582
793.342
764.113
755.28
761.27
788.386
789.184
778.02
775.509
757.819
797.47
809.331
784.999
792.054
799.786
781.613
772.026
816.298
770.014
784.021
811.937
777.769
785.183
782.73
796.185
810.978
786.562
772.738
805.75
770.335
790.945
817.434
788.112
794.315
808.815
782.748
787.958
765.247
798.652
774.92
785.71
793.988
790.159
785.51
810.353
808.34
793.309
786.383
792.245
797.283
818.482
810.659
799.742
810.188
783.957
783.983
773.951
786.456
757.698
766.756
794.623
773.497
781.663
739.073
756.287
761.642
775.775
783.525
789.616
796.113
799.346
789.362
786.134
787.991
758.751
777.305
809.025
799.561
791.19
803.774
814.253
808.827
795.819
828.326
813.829
783.764
794.63
788.122
795.021
812.155
812.204
809.99
798.095
827.47
862.817
814.854
814.198
827.118
842.704
853.559
849.095
817.696
853.745
848.526
827.475
844.819
827.537
839.865
863.209
833.936
811.839
838.811
826.433
874.396
865.285
848.433
846.678
853.591
841.008
850.255
920.147
825.886
849.461
860.759
852.509
888.599
870.147
899.602
854.235
859.499
907.051
850.419
862.186
869.402
892.178
877.556
902.594
864.507
899.192
863.462
886.798
897.242
875.73
897.593
904.842
869.19
876.324
887.16
895.722
882.26
890.804
893.918
875.166
869.77
889.526
902.08
892.291
913.37
917.682
934.338
895.245
946.217
903.208
906.892
914.905
967.518
938.945
933.113
919.85
906.395
910.489
926.297
926.18
921.706
949.195
941.192
927.153
950.134
931.821
899.124
947.88
942.62
960.064
984.285
911.915
942.8
961.107
967.285
943.652
1008.25
959.239
965.789
942.313
970.778
1018.51
966.029
971.959
964.407
952.808
976.72
925.005
956.588
997.686
972.609
987.056
1019.72
1003.71
1000.01
946.553
984.965
1018.29
1000.24
982.467
990.622
993.658
952.773
993.541
1007.54
988.064
1003.18
1010.94
1003.89
1016.78
1007.69
1024.96
984.807
992.216
1010.75
1046.58
1012.24
1025.28
1044.87
962.78
1025.85
1026.97
983.903
986.047
981.036
1006.53
1021.9
1047.75
1036.51
1058.49
1064.37
1054.69
1019.05
1072.16
1041.94
1039.55
1031.14
993.544
1040.22
1035.68
1011.09
1081.29
1056.2
1053.63
1008.88
1052.17
1048.5
1063.6
1081.49
1020.99
1051.79
1103.48
1046.21
1069.88
1077.1
1072.49
1085.95
1095.23
1076.75
1120.05
1057.38
1065.96
1111.09
1058.03
1093.44
1093.32
1053.89
1075.67
1101.32
1128.63
1081.59
1047.45
1078.76
1043.1
1053.37
1054.92
1095.13
1080.55
1123.56
1117.6
1107.21
1062.83
1107.32
1103.24
1136.42
1092.01
1130.43
1069.35
1123.03
1121.13
1090.04
1096.44
1103.5
1125.58
1149.64
1138.4
1155.74
1125.28
1126.3
1150.4
1136.04
1140.99
1205.21
