97.3515
104.898
115.09
123.481
90.3344
115.374
135.554
98.8603
135.108
119.952
135.775
143.636
118.784
108.346
141.93
138.882
138.556
141.88
147.065
141.416
188.075
127.433
177.739
148.805
125.348
118.239
169.401
135.96
154.263
111.313
166.075
176.357
170.007
162.735
151.879
195.294
165.442
165.591
226.777
165.747
176.209
172.728
190.885
192.724
191.043
174.471
194.524
190.869
200.538
203.847
208.274
208.12
199.351
208.696
208.585
197.048
209.713
218.264
207.897
212.257
215.918
216.741
229.614
219.676
224.239
225.203
232.029
237.828
233.6
231.025
235.827
243.162
237.967
246
245.761
241.176
253.435
250.219
248.209
258.406
253.875
260.567
273.018
257.606
262.384
267.706
269.459
271.966
275.2
263.219
274.555
288.256
278.889
279.296
282.054
275.995
292.272
291.911
289.14
296.067
294.514
299.117
307.74
296.703
294.842
303.064
311.909
307.703
314.863
307.769
308.612
320.009
322.792
317.877
329.341
314.896
329.257
324.503
333.106
331.76
341.207
340.238
337.319
339.747
340.572
337.489
348.331
343.917
356.137
350.025
346.719
363.69
353.606
353.163
362.818
354.045
366.805
371.331
372.814
365.359
373.159
383.257
368.607
378.888
374.85
377.587
385.486
393.707
392.061
388.097
390.079
385.903
399.502
390.323
388.837
386.872
405.304
410.545
403.918
410.355
407.666
421.234
414.436
406.531
407.392
411.531
424.272
419.288
429.864
420.906
428.122
421.564
423.452
442.76
429.665
439.502
433.529
435.519
442.884
444.496
439.124
450.302
448.477
438.691
460.631
447.837
458.567
453.312
461.258
453.124
450.587
468.154
463.173
472.38
460.043
466.226
464.386
477.123
474.228
479.796
470.419
481.286
480.201
473.96
478.404
492.651
502.491
484.723
502.531
500.257
484.134
518.528
499.094
487.048
503.67
526.939
506.887
510.091
526.75
519.505
511.723
522.838
520.676
511.973
520.186
511.806
535.499
526.06
522.351
524.902
528.383
537.328
546.294
543.842
535.816
538.299
539.933
542.125
543.937
545.06
545.765
546.147
548.682
561.417
552.941
565.478
556.6
567.018
572.534
568.786
561.053
562.978
573.132
579.915
570.964
566.039
582.445
575.923
590.248
581.295
581.195
603.831
583.289
586.628
598.482
594.098
586.634
592.866
600.052
605.162
603.091
608.614
612.982
608.103
626.185
599.795
617.565
620.612
626.077
612.825
614.524
628.382
637.062
648.708
629.723
610.596
615.017
634.012
636.833
638.819
639.826
624.983
637.636
643.443
641.825
651.72
659.828
647.078
640.809
649.094
646.467
661.038
660.725
665.63
648.734
644.672
660.569
657.29
664.5
661.209
662.722
666.041
675.855
662.085
667.874
666.503
691.258
673.558
689.891
680.157
674.754
688.455
690.374
698.595
694.264
675.044
691.51
699.082
708.883
693.062
710.938
702.411
698.21
689.077
690.778
707.174
724.768
693.644
731.788
713.813
704.749
731.287
718.998
703.33
714.336
707.987
712.49
727.68
737.809
698.628
731.277
734.826
715.143
733.075
742.029
709.746
742.279
726.579
745.471
734.787
727.874
747.815
742.455
743.655
752.893
749.256
746.01
762.329
750.398
742.335
758.425
765.388
745.533
756.014
752.086
764.291
765.441
759.202
774.605
761.402
770.285
755.807
760.644
789.115
749.599
754.542
780.687
763.221
774.509
792.959
791.248
796.975
775.101
785.707
753.247
768.285
784.947
770.145
773.866
780.967
776.861
772.328
782.152
766.935
786.319
775.622
768.175
813.235
805.502
783.699
787.101
782.747
787.745
783.884
795.825
786.503
797.408
809.791
807.04
811.933
813.71
803.98
813.661
806.813
814.61
806.692
811.333
803.403
823.011
811.75
809.145
840.266
825.926
835.462
833.621
813.813
842.304
829.449
816.26
814.625
823.097
844.71
825.353
822.696
804.078
829.647
809.251
840.643
829.999
838.341
834.288
819.294
843.246
840.606
816.689
819.125
852.534
846.784
812.204
840.53
842.563
840.125
820.015
828.498
826.614
820.752
839.018
842.16
826.491
827.541
854.036
833.995
836.889
846.24
845.084
827.846
831.815
846.463
841.74
831.01
858.312
826.974
827.998
830.503
826.953
802.556
830.961
829.058
826.125
820.251
853.072
851.451
817.603
840.071
835.813
824.766
820.626
868.865
846.154
829.066
821.735
843.98
822.484
831.994
818.004
820.52
836.134
847.601
809.808
821.123
825.705
826.101
808.791
831.213
827.104
818.936
831.32
841.639
812.655
819.576
831.07
828.066
830.971
855.277
842.698
841.145
826.147
839.663
839.611
829.258
832.346
843.112
832.056
825.886
841.052
848.978
812.095
821.774
846.121
873.397
851.894
848.241
852.616
830.574
838.071
837.658
832.278
849.015
865.512
854.945
840.317
869.73
866.192
852.965
865.683
834.205
869.687
855.756
854.115
856.384
868.537
858.011
832.096
884.843
877.572
834.861
860.281
862.875
880.281
847.614
869.719
900.792
852.262
886.033
909.021
898.615
891.294
890.264
915.114
882.347
870.516
886.69
868.732
897.847
895.553
896.709
879.872
886.978
903.927
914.699
893.125
900.534
914.11
905.694
890.698
895.075
900.205
904.617
915.201
935.517
927.588
908.681
920.519
924
922.659
926.138
942.065
915.433
914.173
915.982
927.532
919.389
938.133
938.113
933.513
942.092
935.188
961.131
939.136
945.375
916.284
945.322
949.988
924.27
959.373
951.448
963.758
943.042
935.049
980.886
951.208
942.905
975.841
971.161
947.91
974.195
967.381
953.939
992.582
982.273
977.884
976.334
983.055
984.116
986.133
958.329
979.747
964.298
972.004
976.199
962.059
995.837
1016.1
991.416
1001.08
981.336
997.415
999.518
977.019
1016.9
983.448
1003.63
969.357
1001.78
1004.86
991.153
976.681
998.393
1027.83
999.355
996.451
1042.82
1028.72
1017.61
1009.31
1015.62
1033.62
1011.51
1029.35
1008.93
1024.79
1033.21
1026.33
1018.45
1042.05
1003.39
1034.55
1043.01
1041.03
1061.01
1036.13
1059.88
1051.11
1042.59
1039.34
1035.66
1056.98
1048.22
1045.5
1051.74
1051.23
1033.02
1041.66
1077.57
1062.18
1061.84
1066.98
1070.7
1064.2
1054.7
1052.41
1043.54
1079.91
1073.53
1052.51
1067.97
1098.36
1079.21
1087.19
1051.39
1051.25
1077.66
1116.2
1079.97
1076.99
1100.17
1117
1097.23
1105.3
1092.83
1107.11
1115.59
1095.97
1083.26
1103.61
1100.83
1111.09
1170.65
1096.09
1108.95
1108.14
1137.72
1110.53
1128
1114.97
1088.16
1124.62
1127.47
1103.03
1128.37
1124.29
1159.6
1123.74
1100.64
1120.39
1122.19
1131.84
1136.25
1158.27
1149.98
1132.82
1163.23
1147.96
1133.62
1149.65
1113.26
1149.12
1146.9
1158.86
1134.8
1120.33
1165.37
1182.47
1155.16
1152.04
1172.3
1178.48
1183.56
1187.49
1151.19
1184.89
1197.82
1178.56
1175.59
1162.06
1189.16
1166.87
1184.52
1176.04
1169.76
1159.12
1186.01
1161.32
1186.27
1153.95
1170.68
1158.9
1197.44
1219.82
