496.156
526.003
256.36
504.169
452.172
399.352
359.932
506.163
425.626
395.416
394.57
486.967
465.256
389.334
446.514
448.199
482.139
407.395
476.833
456.012
456.126
434.702
470.87
485.117
449.997
442.975
483.225
484.562
446.713
472.787
483.514
484.113
451.791
485.86
493.995
465.172
474.638
492.577
495.249
482.77
478.868
498.343
497.265
494.889
497.362
496.491
506.107
503.678
507.77
509.788
503.772
519.584
518.922
515.685
519.684
521.244
525.735
525.224
526.125
522.416
526.633
530.046
527.427
534.561
545.393
533.547
541.224
552.824
548.24
526.726
545.452
556.341
550.557
551.271
548.385
564.136
551.532
553.883
558.497
566.016
558.001
558.462
566.302
576.632
568.849
565.677
585.466
573.587
567.772
567.161
578.685
584.7
580.08
584.095
578.26
578.766
590.611
594.666
586.165
594.154
600.411
601.899
599.073
614.096
604.726
588.04
603.998
604.965
605.788
610.681
610.014
611.257
615.241
611.229
624.824
621.83
635.057
626.404
629.879
636.009
637.682
630.177
640.097
633.34
644.196
641.971
646.127
649.948
647.104
653.191
634.063
654.43
653.63
657.098
654.012
645.171
659.744
667.253
664.793
659.047
664.122
671.897
665.974
675.307
657.625
672.469
680.32
680.76
666.588
663.361
687.636
681.815
688.04
679.692
697.442
687.405
687.621
701.928
703.745
706.535
687.031
695.604
712.556
696.812
708.862
710.549
695.15
710.65
711.469
711.192
716.989
722.871
727.909
696.664
716.223
727.035
720.139
723.321
720.236
727.957
723.097
735.105
733.817
725.343
720.018
735.76
742.213
745.561
739.115
742.189
734.281
750.201
738.28
739.87
745.046
752.907
756.982
749.383
749.915
752.084
749.012
762.193
764.23
761.106
742.078
749.834
771.025
780.617
768.796
768.998
772.667
778.101
772.174
768.025
764.317
779.728
765.157
764.425
795.862
775.104
781.575
776.919
784.768
798.942
777.947
779.461
791.637
786.394
803.696
794.104
790.194
792.598
803.066
806.973
800.653
796.496
799.419
811.464
791.079
799.38
804.144
807.31
798.924
792.828
812.033
812.02
801.218
808.576
807.49
815.834
815.012
814.007
829.943
816.456
820.082
798.931
831.638
811.157
818.857
815.566
824.59
825.203
826.39
823.602
827.887
827.856
839.421
831.704
845.298
830.338
832.514
849.398
826.117
838.864
829.96
836.796
847.759
837.785
835.697
843.179
837.371
836.789
849.289
829.228
845.294
835.293
849.521
856.185
837.83
840.812
832.778
851.358
836.506
841.398
856.433
841.906
853.564
874.312
878.56
844.312
853.171
856.976
854.863
865.787
847.449
844.24
874.512
862.248
873.199
857.617
847.454
869.633
856.11
862.485
864.076
847.941
857.752
864.498
868.614
869.204
870.539
867.186
864.929
863.855
888.752
881.911
876.564
875.623
867.874
857.649
846.298
860.356
856.422
873.912
865.038
874.155
873.098
849.819
857.925
851.746
870.903
857.047
865.273
858.647
873.026
879.911
866.344
878.129
865.75
869.213
856.825
844.916
859.96
863.537
894.407
853.645
886.979
881.507
872.273
853.61
864.143
863.07
893.492
860.483
861.985
875.283
889.33
856.445
863.553
877.71
869.902
888.992
885.548
881.837
868.504
869.701
879.666
887.733
894.79
875.667
880.261
872.113
870.992
889.187
880.63
875.984
869.478
881.534
891.669
867.989
894.49
884.493
865.706
870.031
882.342
873.679
883.923
892.667
897.148
879.835
890.379
890.569
881.419
894.154
890.645
905.809
885.704
871.757
880.334
905.282
901.311
886.155
883.564
892.888
919.858
899.426
902.502
900.761
921.552
913.067
916.232
934.814
921.811
909.688
907.958
898.494
931.782
929.316
931.668
932.936
924.396
915.535
919.605
930.867
944.336
913.698
929.534
936.062
929.365
940.781
948.559
926.483
947.364
941.575
956.332
942.08
937.709
946.46
953.773
942.206
949.139
980.642
967.173
943.778
964.948
948.445
978.765
974.225
983.016
978.931
958.039
972.843
964.229
975.749
976.228
962.049
967.502
973.646
1000.27
986.99
958.97
962.818
987.873
984.849
991.702
980.259
992.422
992.472
990.309
974.91
986.32
1008.64
1005.1
998.684
995.58
994.625
994.156
1001.06
1020.06
1014.07
1032.5
1019.09
1007.52
1011.61
1018.34
1022.23
1021.86
1016.42
995.257
1004.24
1038.01
1035.5
1014.25
1040.65
1042.57
1037.47
1028.92
1011.37
1032.78
1041.62
1035.87
1028.22
1037.12
1035.41
1054.05
1022.73
1031.28
1037.67
1064.06
1035.26
1054.95
1067.61
1058.36
1063.1
1039.29
1040.25
1045.44
1057.24
1072.52
1076.77
1046.31
1053.78
1067.64
1063.89
1061.14
1055.44
1077.95
1059.58
1080.17
1091.22
1078.85
1069.84
1094.66
1083.69
1079.19
1096.22
1084
1081.42
1087.04
1092.37
1105.32
1101.86
1091.16
1103.89
1112.95
1105.62
1124.57
1102.81
1090.71
1112.91
1095
1119.51
1113.87
1127.83
1138.48
1122.79
1109.49
1101.83
1082.42
1116.79
1154.89
1138.48
1121.17
1109.03
1107.41
1148.45
1132.96
1154.89
1117.16
1115.7
1151.26
1158.5
1139.1
1152.84
1126.19
1143.1
1169.53
1156.78
1141.15
1134.15
1171.71
1140.32
1151.34
1138.85
1168.62
1183.88
1178.36
1162.34
1169.16
1149.38
1176.54
1181.19
1144.19
1172.8
1158.57
1198.25
1204.25
