97.2906
117.461
119.447
116.614
112.508
115.616
112.239
141.538
127.257
118.161
126.201
141.064
127.877
139.242
112.295
121.976
156.407
130.206
156.929
145.334
139.62
178.656
182.42
156.875
176.36
145.953
160.128
164.038
144.754
149.824
171.348
184.901
211.593
161.589
162.559
193.022
180.918
183.597
173.627
190.718
172.894
186.923
195.972
195.548
200.69
197.869
199.42
195.11
205.725
202.791
198.254
215.562
212.529
214.079
218.556
216.11
216.821
226.949
223.188
223.185
217.537
238.432
233.942
227.035
236.436
232.571
234.009
242.913
248.199
238.495
244.8
254.905
244.024
254.111
252.131
252.05
262.311
263.523
262.956
261.346
259.974
271.082
265.876
268.977
275.815
264.991
277.519
283.099
277.454
277.013
286.185
282.343
293.308
298.019
287.442
284.526
304.504
298.622
298.929
302.874
300.061
308.335
314.667
311.075
306.08
308.22
320.63
317.965
318.066
320.083
319.536
322.603
331.543
334.957
326.164
338.874
336.821
333.082
338.31
342.656
335.217
347.31
358.514
350.191
346.31
353.404
355.023
357.907
356.377
354.53
359.472
370.894
367.031
364.737
365.248
368.005
373.564
374.702
375.59
373.252
362.815
393.049
386.741
384.963
384.558
386.935
389.386
389.108
400.586
383.217
399.98
402.409
404.682
400.12
400.56
404.042
414.069
413.387
410.676
414.221
413.226
424.41
423.609
423.712
418.839
421.073
419.049
428.698
441.306
438.021
428.015
445.076
446.764
436.61
440.489
444.066
439.994
449.24
448.417
446.784
453.406
460.647
459.375
447.335
458.928
460.296
464.285
469.219
466.638
474.64
464.1
488.638
478.676
477.879
465.631
477.585
478.475
485.988
489.256
484.298
480.301
497.48
493.453
484.827
497.448
492.168
501.057
500.317
515.646
499.397
510.229
505.306
518.874
514.443
493.087
509.951
527.418
516.961
519.673
520.733
521.803
531.513
534.834
530.333
533.154
525.441
538.373
540.567
524.159
537.793
539.393
548.182
534.622
556.889
559.058
550.844
550.907
560.881
568.178
552.572
559.751
565.821
548.656
562.124
572.096
559.895
556.653
568.626
571.072
574.221
583.569
579.756
580.721
587.209
586.053
578.624
587.75
589.19
597.061
584.175
595.41
590.031
600.722
601.817
597.102
603.223
606.579
601.265
601.438
613.96
603.023
617.411
625.181
617.943
618.124
624.037
618.183
626.706
631.942
615.33
632.038
631.609
638.887
630.115
638.796
627.584
634.23
646.766
643.248
639.608
633.917
651.887
654.629
658.492
649.464
657.833
653.629
663.461
653.207
648.693
647.995
669.168
660.388
666.768
668.639
671.213
687.517
671.762
655.402
664.54
667.273
691.145
684.168
675.886
676.182
677.378
685.99
684.424
693.003
685.391
685.736
702.057
689.826
707.294
695.35
688.257
730.067
719.364
722.653
709.084
707.156
714.447
695.239
726.073
719.995
707.958
712.76
714.401
734.274
719.292
712.666
738.834
732.874
731.337
715.879
714.25
734.126
722.232
737.098
742.835
723.583
738.584
730.431
741.23
725.725
738.792
762.527
741.081
743.373
743.363
742.91
756.881
744.908
761.45
746.607
745.295
756.999
760.6
754.471
775.888
757.712
770.82
775.953
786.258
776.962
765.821
770.888
763.865
778.963
791.3
783.052
776.038
790.994
802.826
767.163
787.993
780.475
801.828
796.451
782.148
797.247
799.43
799.783
796.956
788.269
788.183
786.406
783.259
807.736
809.531
790.11
801.969
802.896
815.52
794.206
799.025
813.544
813.378
804.135
814.294
804.352
831.343
807.16
809.28
811.614
804.226
810.048
808.701
813.237
823.958
802.015
822.895
828.646
799.967
808.027
830.62
839.715
836.369
831.176
835.461
828.822
834.836
848.817
853.596
828.831
811.505
827.855
832.082
848.318
843.618
822.131
819.14
828.793
833.925
841.533
809.019
836.037
840.134
845.784
854.815
836.498
842.289
829.762
830.214
862.51
846.844
864.779
869.001
845.16
841.959
842.217
876.201
855.218
841.875
875.53
883.026
852.632
845.921
844.807
850.298
849.488
853.05
858.251
843.555
844.167
845.383
829.224
855.372
850.699
843.807
836.874
840.931
839.36
841.937
849.518
835.282
870.416
860.216
860.771
842.941
864.782
864.312
836.137
853.15
867.053
854.185
855.708
851.489
859.238
850.29
836.314
842.893
876.98
848.375
854.3
856.28
871.754
861.43
866.284
862.258
857.609
861.669
851.412
878.28
856.862
851.767
859.478
870.759
849.859
849.733
857.47
862.973
838.588
846.114
850.371
845.436
832.755
843.209
856.755
844.789
844.839
851.738
858.236
870.4
849.575
849.524
853.336
840.495
831.763
854.773
849.282
853.55
862.328
833.669
854.656
817.277
868.938
852.357
842.433
841.084
850.126
850.619
839.226
856.396
853.053
844.33
862.904
860.678
837.71
862.755
849.919
844.047
855.448
872.937
865.582
861.739
870.906
871.125
867.221
876.814
879.464
873.461
871.965
867.301
870.75
884.498
913.199
872.42
890.075
887.387
883.491
894.726
904.877
903.81
897.825
927.062
914.154
900.889
900.547
889.198
891.087
911.815
916.482
896.977
900.787
913.976
931.422
915.508
921.415
927.24
907.966
910.868
946.113
928.239
913.606
910.572
906.484
919.677
920.7
924.088
902.816
920.946
943.837
928.554
937.988
918.547
948.58
926.975
939.412
949.615
943.058
934.436
932.307
947.766
965.324
943.831
935.994
948.178
957.618
951.472
941.296
951.058
958.045
963.679
953.43
974.375
967.217
959.622
954.302
955.057
978.605
973.769
980.075
969.011
993.312
973.357
982.871
971.644
976.839
964.699
980.912
984.279
1001.28
993.153
977.97
992.293
1000.18
987.708
990.055
985.551
1001.9
1004.72
1010.81
996.711
1006.6
1002.24
1002.38
1052.28
1003.86
1015.28
1009.59
1021.9
1030.49
1037.99
1032.74
989.433
1031.03
1022.46
1027.24
1059.79
1022.68
1030.38
1030.96
1064.27
1019.92
1055.39
1021.07
1033.73
1057.09
1064.62
1024.28
1055.41
1050.56
1054.71
1066.28
1048.84
1038.85
1044.7
1079.97
1042.03
1032.71
1035.08
1078.15
1063.82
1083.31
1045.54
1083.09
1072.82
1071.98
1081.93
1082.33
1078.59
1093.36
1071.82
1076.79
1077.61
1101.32
1070.52
1077.45
1076.47
1097.77
1089.02
1084.62
1070.32
1098.95
1080.37
1104.58
1107.88
1085.07
1113.8
1078.73
1103.24
1095.34
1096.92
1099.71
1103.6
1141.26
1124.74
1110.87
1092.75
1143.46
1135.78
1117.35
1109.29
1118.05
1128.28
1138.15
1150.7
1131.55
1118.13
1126.55
1140.34
1141.21
1114.69
1134.14
1119.48
1128.95
1159.18
1133.96
1148.38
1166.4
1167.16
1144.98
1148.06
1138.62
1155.46
1180.74
1140.13
1144.79
1144.76
1156.91
1182.87
1168.24
1156.82
1159.23
1147.6
1192.79
1167.68
1175.15
1188.14
1165.24
1175.65
1193.74
1182.86
1179.32
1160.16
1165.5
1180.07
1196
1174.96
1199.91
1186.25
1182.3
1182.99
1197.02
1189.61
1217.86
