-13680.6
-13670.5
-13670.5
-13670.5
-13670.4
-13670.5
-13660.4
-13660.4
-13660.4
-13660.4
-13660.5
-13650.4
-13650.4
-13650.4
-13650.4
-13650.4
-13640.4
-13640.4
-13640.4
-13640.4
-13640.4
-13630.3
-13630.3
-13630.3
-13630.3
-13630.3
-13620.2
-13620.3
-13620.3
-13620.3
-13620.3
-13610.2
-13610.3
-13610.3
-13610.2
-13610.2
-13600.2
-13600.3
-13600.3
-13600.2
-13600.2
-13590.1
-13590.2
-13590.2
-13590.1
-13590.1
-13580.2
-13580.1
-13580.1
-13580.1
-13580.1
-13570.1
-13570.1
-13570
-13570.1
-13570.1
-13560
-13560
-13560
-13560
-13560
-13550
-13550.1
-13550
-13550
-13550
-13540
-13540
-13539.9
-13540
-13539.9
-13529.9
-13529.9
-13529.9
-13529.9
-13529.9
-13519.8
-13519.9
-13519.9
-13519.9
-13519.9
-13509.8
-13509.8
-13509.9
-13509.9
-13509.9
-13499.8
-13499.8
-13499.8
-13499.7
-13499.8
-13489.7
-13489.8
-13489.8
-13489.8
-13489.8
-13479.8
-13479.7
-13479.7
-13479.7
-13479.7
-13469.7
-13469.7
-13469.7
-13469.7
-13469.7
-13459.7
-13459.7
-13459.6
-13459.7
-13459.6
-13449.6
-13449.7
-13449.6
-13449.7
-13449.6
-13439.5
-13439.6
-13439.5
-13439.6
-13439.5
-13429.5
-13429.5
-13429.5
-13429.5
-13429.5
-13419.5
-13419.5
-13419.5
-13419.5
-13419.5
-13409.4
-13409.4
-13409.4
-13409.4
-13409.4
-13399.4
-13399.4
-13399.3
-13399.4
-13399.4
-13389.3
-13389.3
-13389.4
-13389.4
-13389.3
-13379.3
-13379.3
-13379.2
-13379.3
-13379.3
-13369.3
-13369.3
-13369.3
-13369.2
-13369.2
-13359.3
-13359.2
-13359.2
-13359.2
-13359.2
-13349.2
-13349.1
-13349.2
-13349.1
-13349.1
-13339.1
-13339.1
-13339.1
-13339.1
-13339.1
-13329
-13329.1
-13329.1
-13329.1
-13329.1
-13319.1
-13319
-13319.1
-13319
-13319
-13309
-13308.9
-13309
-13309
-13308.9
-13298.9
-13298.9
-13299
-13298.9
-13299
-13288.9
-13288.9
-13288.8
-13288.9
-13288.9
-13278.8
-13278.8
-13278.9
-13278.8
-13278.8
-13268.8
-13268.8
-13268.7
-13268.7
-13268.8
-13258.8
-13258.8
-13258.8
-13258.8
-13258.7
-13248.7
-13248.7
-13248.7
-13248.7
-13248.7
-13238.7
-13238.7
-13238.7
-13238.7
-13238.6
-13228.6
-13228.7
-13228.6
-13228.6
-13228.6
-13218.5
-13218.5
-13218.6
-13218.5
-13218.6
-13208.5
-13208.5
-13208.5
-13208.5
-13208.5
-13198.4
-13198.4
-13198.4
-13198.5
-13198.4
-13188.4
-13188.4
-13188.4
-13188.4
-13188.4
-13178.3
-13178.4
-13178.3
-13178.3
-13178.3
-13168.3
-13168.3
-13168.3
-13168.3
-13168.3
-13158.2
-13158.3
-13158.2
-13158.3
-13158.2
-13148.1
-13148.2
-13148.1
-13148.2
-13148.2
-13138.1
-13138.1
-13138.1
-13138.1
-13138.2
-13128
-13128.1
-13128.1
-13128.1
-13128
-13118
-13118.1
-13118.1
-13118.1
-13118
-13108
-13108.1
-13108
-13108
-13108
-13097.9
-13097.9
-13097.9
-13097.9
-13098
-13087.9
-13088
-13088
-13087.9
-13087.9
-13077.8
-13077.9
-13071.3
-13071.4
-13071.4
-13061.4
-13061.4
-13061.4
-13061.4
-13057.8
-13044
-13044
-13040.3
-13040.3
-13040.3
-13030.3
-13026.6
-13026.6
-13023.3
-13023.3
-13013.2
-13009.9
-13009.9
-13009.9
-13010
-12999.9
-12999.9
-12999.9
-12999.9
-12999.8
-12989.8
-12989.9
-12990
-12989.9
-12989.9
-12979.9
-12979.8
-12979.8
-12979.8
-12979.9
-12969.8
-12969.9
-12969.8
-12969.9
-12969.9
-12959.8
-12959.8
-12959.8
-12959.9
-12959.8
-12949.8
-12949.8
-12949.8
-12949.8
-12946.7
-12936.8
-12936.7
-12936.8
-12936.7
-12933
-12923
-12923
-12923
-12923
-12923
-12913
-12913
-12913
-12913
-12913.1
-12903
-12899.5
-12896.2
-12896.2
-12896.3
-12886.1
-12886.2
-12886.3
-12882.8
-12882.8
-12872.7
-12872.8
-12872.8
-12869.7
-12862.9
-12846.3
-12846.3
-12846.3
-12846.3
-12846.3
-12836.2
-12836.4
-12836.3
-12836.3
-12836.3
-12826.3
-12826.3
-12826.4
-12826.4
-12826.2
-12816.3
-12816.3
-12816.3
-12816.3
-12816.3
-12806.2
-12806.3
-12806.2
-12806.3
-12806.4
-12792.8
-12789.6
-12789.7
-12789.7
-12789.6
-12779.6
-12779.5
-12776.5
-12773.4
-12773.2
-12759.8
-12759.9
-12759.9
-12759.8
-12759.8
-12746.3
-12743.5
-12743.5
-12743.6
-12743.4
-12733.4
-12733.6
-12733.5
-12733.4
-12733.5
-12723.4
-12723.5
-12723.5
-12723.6
-12723.5
-12710.3
-12710.3
-12710.2
-12710.4
-12710.3
-12700.3
-12700.3
-12700.3
-12700.2
-12700.3
-12690.2
-12687.2
-12687.2
-12687.2
-12687.2
-12677.2
-12677.2
-12677.2
-12677.3
-12677.2
-12667.3
-12667.2
-12667.2
-12667.2
-12667.2
-12654.2
-12654.1
-12651
-12651
-12650.9
-12640.9
-12635
-12631.6
-12628.7
-12628.8
-12618.7
-12618.7
-12618.7
-12618.6
-12618.6
-12608.8
-12601.9
-12593
-12592.9
-12593
-12583
-12583
-12579.6
-12579.5
-12576.4
-12566.5
-12563.3
-12563.2
-12563.2
-12563.4
-12553.3
-12550.2
-12550.1
-12547.1
-12547.1
-12537.2
-12537.2
-12537.2
-12537.2
-12537.2
-12523.8
-12520.7
-12520.7
-12520.7
-12520.7
-12510.7
-12510.7
-12510.7
-12510.8
-12510.7
-12497.7
-12497.7
-12497.7
-12497.7
-12497.9
-12487.9
-12487.9
-12487.8
-12487.8
-12487.8
-12478
-12474.7
-12474.7
-12474.6
-12474.6
-12464.8
-12461.3
-12458.1
