-13680.1
-13669.7
-13669.9
-13669.9
-13669.8
-13669.5
-13659.6
-13659.6
-13659.2
-13659.4
-13659.3
-13649.2
-13649
-13649.1
-13649.4
-13649.4
-13638.9
-13639.1
-13639.4
-13639.2
-13638.6
-13628.6
-13628.8
-13628.9
-13628.5
-13628.6
-13618.4
-13618.5
-13618.8
-13618.8
-13618.4
-13608.1
-13608.2
-13608
-13608.4
-13608.4
-13597.9
-13597.7
-13598.2
-13597.9
-13597.9
-13587.6
-13587.8
-13587.9
-13587.6
-13588
-13577.3
-13577.5
-13577.6
-13577.4
-13577.4
-13567.3
-13567.4
-13567.8
-13567.1
-13567.1
-13557.5
-13557.1
-13557.4
-13556.9
-13557
-13547.3
-13546.6
-13547
-13546.7
-13547.1
-13536.3
-13536.7
-13537.1
-13536.6
-13536.5
-13526.2
-13526.6
-13526.6
-13526.4
-13526.4
-13516.4
-13516.4
-13516.3
-13516.1
-13515.9
-13506
-13506.1
-13506.1
-13505.8
-13505.6
-13495.7
-13495
-13495.4
-13495.5
-13495.4
-13485.2
-13485.3
-13485.4
-13485.5
-13485
-13474.9
-13474.8
-13474.8
-13474.6
-13474.8
-13464.6
-13464.4
-13464.5
-13464.4
-13464.2
-13454.4
-13454.3
-13454.1
-13454.3
-13454.2
-13443.9
-13444.1
-13443.9
-13443.7
-13444
-13433.4
-13433.6
-13434
-13434.1
-13433.8
-13423.5
-13423.3
-13423.1
-13423.1
-13423.6
-13412.9
-13412.7
-13413
-13413
-13413.4
-13402.7
-13402.7
-13402.8
-13402.8
-13402.1
-13392.3
-13392.2
-13392
-13391.9
-13392.5
-13382.3
-13382.3
-13382.1
-13382.2
-13382
-13371.8
-13371.8
-13371.6
-13371.8
-13371.4
-13361.4
-13361.3
-13361.5
-13361.4
-13361.6
-13350.9
-13350.7
-13350.7
-13350.7
-13351.2
-13340.5
-13340.5
-13340.2
-13340.4
-13340.5
-13330.5
-13330.4
-13330.4
-13330.9
-13330.5
-13320.5
-13319.8
-13320.1
-13320.1
-13320.2
-13309.8
-13309.8
-13309.7
-13309.6
-13309.6
-13299.4
-13299.4
-13299.2
-13299.1
-13299.8
-13288.7
-13288.9
-13288.6
-13288.8
-13288.4
-13278.4
-13278.4
-13278.4
-13278.5
-13278.3
-13268.1
-13268.1
-13268
-13267.7
-13267.5
-13257.6
-13257.3
-13257.1
-13257.1
-13257
-13246.9
-13247
-13247.4
-13247
-13247.2
-13236.4
-13237.2
-13235.7
-13236.5
-13236.8
-13226.1
-13226.1
-13226.1
-13225.8
-13225.9
-13215.3
-13215.6
-13215.7
-13215.7
-13215.1
-13205.2
-13205.9
-13204.8
-13205
-13205.1
-13194.8
-13195.2
-13195
-13194.7
-13194.5
-13184.8
-13184.4
-13184
-13184.3
-13184.8
-13173.7
-13173.7
-13174
-13173.6
-13173.6
-13163.3
-13163.3
-13164
-13164
-13163.6
-13153.6
-13153.5
-13153.7
-13153.5
-13149.8
-13139.7
-13139.8
-13139.1
-13139.8
-13139.8
-13129
-13129.4
-13129
-13129.4
-13128.7
-13118.8
-13118.7
-13119
-13116
-13116
-13105.2
-13105.1
-13105.6
-13102
-13102.1
-13091.6
-13088.6
-13088.2
-13081.1
-13078
-13067.7
-13067
-13067.2
-13067.3
-13067.1
-13053.9
-13050
-13042.6
-13035.5
-13032.6
-13012.3
-13012.6
-13006.8
-13006.5
-13006.6
-12996.2
-12995.7
-12996
-12992.4
-12992.3
-12982
-12978.4
-12978.8
-12975.3
-12975
-12962.2
-12962.1
-12961.7
-12958.4
-12951.4
-12941.7
-12938.1
-12935.1
-12935.3
-12934.6
-12924.8
-12924.8
-12925
-12924.7
-12924.6
-12914.3
-12914.4
-12914.2
-12908.3
-12907.7
-12897.8
-12894.3
-12869.4
-12863.6
-12856
-12845.7
-12845.7
-12845.7
-12845.3
-12838.2
-12828.1
-12827.9
-12827.5
-12827.6
-12827.1
-12817.8
-12816.9
-12817.1
-12817.1
-12817
-12806.5
-12803.3
-12799.6
-12795.4
-12795.5
-12785.8
-12785.4
-12785.2
-12781.1
-12778.1
-12767.4
-12767.3
-12767.4
-12763.5
-12760.4
-12750.1
-12742.4
-12742.6
-12742.6
-12739.3
-12722.5
-12719
-12718.5
-12714
-12711.7
-12694.8
-12687.1
-12683.2
-12673.5
-12669.6
-12645.9
-12629.1
-12625.1
-12621.5
-12618.3
-12608.4
-12598.1
-12597.7
-12597.9
-12597.1
-12587
-12586.3
-12586.3
-12586.2
-12586.5
-12576.2
-12575.8
-12575.8
-12573
-12568.5
-12554.9
-12555.1
-12554.8
-12547.4
-12537.8
-12527.5
-12528.2
-12526.7
-12527.5
-12527
-12516.4
-12516.1
-12516.1
-12515
-12515.5
-12504.7
-12504.5
-12504.2
-12500.8
-12500.4
-12490.9
-12489.3
-12489
-12488.7
-12488.4
-12477.8
-12478
-12477.3
-12477.1
-12476.2
-12465.6
-12465.1
-12465.2
-12465.4
-12464.6
-12454.8
-12454.3
-12450.9
-12447.3
-12444.5
-12434.2
-12430.9
-12431.1
-12428.2
-12424.2
-12414.3
-12414.2
-12413.2
-12412.9
-12412.9
-12401.9
-12401.9
-12400.8
-12397.1
-12393.8
-12382.7
-12382.2
-12381.5
-12380.6
-12363.1
-12351
-12347.1
-12346.9
-12343.4
-12336.4
-12326
-12325.9
-12322.7
-12318.7
-12315.6
-12295.6
-12278.8
-12270.5
-12264
-12258.1
-12244
-12243.3
-12235.6
-12235.3
-12228.3
-12216
-12194.7
-12192.9
-12176.7
-12173
-12157.9
-12152.3
-12146.3
-12146.4
-12138.6
-12128.8
-12117.7
-12118.2
-12116.7
-12116.6
-12101.8
-12093
-12082.4
-12075.5
-12067.1
-12054.5
-12053.8
-12049.5
-12048.8
-12044.6
-12034.2
-12033.6
