-13679.3
-13669.2
-13669.3
-13668.5
-13668.8
-13668.8
-13658.2
-13658
-13657.7
-13658
-13657.6
-13647
-13647.3
-13647.2
-13647.4
-13647.7
-13637.1
-13637.2
-13637.3
-13637
-13636.3
-13626.5
-13626.6
-13626.1
-13626.4
-13626.2
-13615.7
-13615.2
-13614.6
-13615.1
-13614.7
-13604.7
-13603.7
-13604.1
-13603.7
-13603.2
-13593.3
-13592.7
-13593.3
-13592.5
-13592.7
-13582.8
-13582.3
-13582
-13582.1
-13582.3
-13571
-13570.9
-13570.9
-13570.7
-13570.9
-13560.3
-13560.1
-13559.7
-13559.3
-13559.6
-13548.4
-13548.3
-13549
-13548.1
-13547.7
-13537.3
-13537.5
-13537.2
-13536.7
-13536.5
-13525.4
-13525.6
-13525.2
-13524.7
-13524.1
-13513.8
-13514.3
-13513.4
-13513.4
-13512.5
-13501.6
-13501.6
-13500.4
-13501.1
-13500
-13489.5
-13489.6
-13488.9
-13488.7
-13488.4
-13477.3
-13477.3
-13476.7
-13476.8
-13475.9
-13465.6
-13465.2
-13464.6
-13464.3
-13464.6
-13453.8
-13453.3
-13452.1
-13451.8
-13451.5
-13440.4
-13440
-13438.7
-13438.6
-13437.2
-13426.6
-13426.2
-13425.1
-13425.8
-13425
-13414.6
-13414
-13413.5
-13412.9
-13412.2
-13401.5
-13400.8
-13399.8
-13399.3
-13399.2
-13387.3
-13386.7
-13385.3
-13384.7
-13384.2
-13374.1
-13373.6
-13371.8
-13370.8
-13370
-13358.5
-13358.4
-13357.1
-13356.9
-13355.8
-13344.3
-13343.6
-13342
-13342.7
-13342.2
-13330.9
-13329.8
-13330.1
-13328.2
-13326.1
-13314.7
-13314.2
-13312.6
-13312.8
-13311
-13299.3
-13297.1
-13296
-13294.8
-13294.7
-13283.7
-13283.2
-13281.9
-13281.4
-13280
-13268.3
-13267.8
-13266.7
-13265.1
-13265.3
-13250.6
-13249.7
-13249.6
-13248.5
-13247.6
-13235.2
-13232.9
-13231.1
-13230.1
-13229.6
-13217.7
-13216.2
-13214.9
-13214.1
-13212.4
-13200.3
-13198.7
-13197.7
-13195.3
-13196
-13183
-13181.5
-13180
-13178.9
-13176.7
-13163.7
-13162.8
-13161.4
-13158.8
-13158
-13146.7
-13145.1
-13143.5
-13143.3
-13142.1
-13130.1
-13128.5
-13117
-13115.7
-13109.8
-13099.2
-13096.6
-13094.7
-13083.1
-13080.2
-13068.9
-13066.8
-13065.5
-13063.7
-13062.4
-13050.4
-13048.2
-13043.4
-13029.5
-13027.3
-13015.9
-13014.6
-13011.5
-13006.2
-13004.3
-12991.6
-12988.4
-12986.5
-12984
-12981.6
-12966
-12956
-12951.6
-12948.7
-12945.9
-12932.5
-12919.8
-12914.6
-12905.3
-12895.3
-12867.9
-12865.3
-12861.5
-12856.2
-12852
-12837.6
-12834.7
-12833.1
-12828.1
-12824.6
-12808.9
-12803.5
-12797.6
-12792.4
-12789.3
-12772.4
-12762.8
-12756.9
-12750.1
-12744.9
-12717.2
-12707.8
-12698.1
-12692.3
-12683.6
-12666.5
-12657.6
-12649.6
-12644.7
-12636.8
-12616.3
-12607.7
-12598.6
-12585
-12576.2
-12552.8
-12544.5
-12533.1
-12522
-12511.9
-12482.4
-12468.4
-12452
-12412.1
