-13680.4
-13670.1
-13670.3
-13670.1
-13670.2
-13670.1
-13660.2
-13660
-13659.9
-13659.8
-13659.9
-13649.9
-13649.7
-13649.7
-13650
-13649.7
-13639.9
-13639.9
-13639.7
-13639.9
-13639.5
-13629.4
-13629.7
-13629.7
-13629.6
-13629.4
-13619.5
-13619.4
-13619.4
-13619.4
-13619.3
-13609.4
-13609
-13609.1
-13609.2
-13609.2
-13599.2
-13598.9
-13599
-13599
-13599.2
-13588.9
-13588.9
-13588.9
-13589
-13589.1
-13578.9
-13578.7
-13579
-13578.7
-13578.7
-13568.8
-13568.9
-13568.6
-13568.6
-13568.7
-13558.5
-13558.4
-13558.3
-13558.4
-13558.5
-13548.1
-13548.3
-13548.4
-13548.3
-13548.5
-13538.3
-13538.4
-13538.1
-13538.2
-13538.2
-13528
-13528.1
-13528.1
-13528.1
-13527.8
-13517.8
-13517.7
-13517.9
-13518.1
-13517.8
-13507.8
-13507.5
-13507.6
-13507.6
-13507.5
-13497.5
-13497.5
-13497.6
-13497.6
-13497.5
-13487.5
-13487.5
-13487.4
-13487.2
-13487.4
-13477.2
-13477.4
-13477.2
-13477.2
-13477
-13467.3
-13467
-13467
-13467
-13467.1
-13456.8
-13457.2
-13457
-13457.2
-13457.3
-13447
-13446.8
-13446.9
-13446.7
-13446.6
-13436.7
-13436.6
-13436.8
-13436.6
-13436.8
-13426.4
-13426.6
-13426.3
-13426.4
-13426.5
-13416.2
-13416.3
-13416.1
-13416.1
-13415.7
-13405.8
-13406.1
-13406.1
-13406.5
-13406.4
-13396
-13396.2
-13395.9
-13396.1
-13395.8
-13385.9
-13385.8
-13385.8
-13386
-13386
-13375.8
-13375.7
-13375.6
-13375.7
-13375.6
-13365.6
-13365.5
-13365.6
-13365.4
-13365.5
-13355.2
-13355.2
-13355.4
-13355.6
-13355.4
-13345.4
-13345.2
-13345.3
-13345.2
-13345
-13335.1
-13335.1
-13334.9
-13334.8
-13335.3
-13324.9
-13325
-13324.8
-13324.9
-13324.9
-13314.8
-13314.6
-13314.8
-13314.7
-13314.8
-13304.6
-13304.4
-13304.7
-13304.8
-13304.6
-13294.6
-13294.7
-13294.8
-13294.4
-13294.4
-13284.1
-13284.5
-13284.3
-13283.9
-13284.2
-13274
-13274.1
-13274.1
-13273.8
-13274.2
-13263.9
-13264.1
-13263.9
-13263.8
-13264
-13253.5
-13253.6
-13253.6
-13253.8
-13253.7
-13243.7
-13243.5
-13243.7
-13243.5
-13243.5
-13233.3
-13233.3
-13233.6
-13233.5
-13233.2
-13223.2
-13223.3
-13223.2
-13223.3
-13219.5
-13209.6
-13209.8
-13209.6
-13209.3
-13209.4
-13199.3
-13199.3
-13199.7
-13199.3
-13199.4
-13189.4
-13189.3
-13189.3
-13189.5
-13189
-13178.9
-13179
-13179.1
-13179.1
-13178.9
-13169.1
-13169
-13169
-13169
-13169
-13159
-13158.8
-13158.4
-13158.8
-13158.7
-13148.5
-13148.4
-13148.6
-13148.6
-13148.3
-13138.5
-13138.6
-13138
-13138.5
-13138.3
-13128.4
-13128.2
-13127.9
-13128.4
-13127.9
-13117.9
-13118.3
-13117.7
-13118
-13118.1
-13107.7
-13107.6
-13107.9
-13107.7
-13107.8
-13097.7
-13097.8
-13098
-13097.4
-13097.7
-13087.6
-13088
-13087.4
-13088
-13087.6
-13077.5
-13077.4
-13077.5
-13077.3
-13077.4
-13067.3
-13067.4
-13067.3
-13067.3
-13067.3
-13057.4
-13057
-13057.3
-13056.9
-13057.1
-13047
-13043.9
-13043.8
-13044
-13043.8
-13034
-13034
-13034.1
-13034.1
-13026.5
-13016.3
-13016.6
-13006.3
-13002.9
-12999.6
-12989.8
-12986.5
-12972.2
-12969.1
-12969.3
-12952.4
-12945.4
-12945.4
-12942.5
-12942.2
-12928.8
-12925.5
-12918
-12917.8
-12911.2
-12897.9
-12897.8
-12898.2
-12898.2
-12898
-12884.7
-12884.4
-12882.1
-12881.8
-12881.9
-12861.8
-12861.8
-12861.8
-12861.8
-12861.7
-12851.7
-12851.8
-12851.3
-12851.5
-12851.8
-12841.5
-12841.7
-12841.7
-12841.5
-12841.6
-12831.3
-12831.8
-12825.3
-12816.2
-12816.2
-12802.4
-12802.8
-12802.4
-12802.5
-12799
-12785.6
-12785.5
-12785.5
-12782
-12774.6
-12757.8
-12757.9
-12757.8
-12754.8
-12755
-12744.9
-12745.1
-12745.2
-12745
-12744.9
-12735.1
-12734.8
-12734.9
-12734.3
-12734.7
-12721.4
-12721.3
-12721.5
-12721.3
-12721.6
-12708.5
-12708
-12708.3
-12708.2
-12708.2
-12698.5
-12697.9
-12698
-12698.1
-12698
-12688.5
-12687.9
-12688.5
-12687.8
-12688.2
-12678
-12678.1
-12678.2
-12678
-12675.7
-12665.1
-12661.8
-12661.9
-12658.4
-12658.7
-12648.6
-12649
-12648.4
-12648.6
-12648.5
-12638.5
-12638.5
-12638.9
-12638.8
-12638.6
-12625
-12625
-12625.3
-12625.1
-12624.9
-12614.6
-12614.6
-12615.1
-12614.6
-12614.8
-12598.4
-12598.1
-12598.4
-12598
-12598.2
-12587.9
-12588.2
-12588.2
-12588.3
-12588.3
-12578.3
-12578.1
-12578.2
-12578.5
-12577.8
-12568.2
-12567.9
-12568.1
-12568.1
-12565.3
-12555.3
-12555.3
-12555.2
-12555.5
-12555.7
-12545.1
-12545.1
-12542.1
-12537.6
-12537.6
-12528
-12527.9
-12528
-12527.9
-12527.6
-12517.6
-12517.9
-12517.8
-12517.5
-12517.5
-12507.5
-12508.1
-12508
-12508.1
-12508
-12497.7
-12498
-12497.4
-12497.5
-12497.9
-12487.6
-12487.8
-12487.9
-12488
-12487.9
-12477.7
-12477.8
-12478.1
-12477.9
-12477.9
-12467.9
-12464.1
-12464
-12464.4
-12464.5
-12454.5
-12454.8
