-13680.6
-13670.5
-13670.5
-13670.5
-13670.5
-13670.5
-13660.5
-13660.5
-13660.5
-13660.5
-13660.5
-13650.5
-13650.5
-13650.5
-13650.5
-13650.5
-13640.5
-13640.5
-13640.5
-13640.5
-13640.5
-13630.5
-13630.5
-13630.5
-13630.5
-13630.5
-13620.5
-13620.5
-13620.4
-13620.5
-13620.5
-13610.5
-13610.5
-13610.4
-13610.5
-13610.4
-13600.4
-13600.4
-13600.4
-13600.4
-13600.4
-13590.4
-13590.4
-13590.4
-13590.4
-13590.4
-13580.4
-13580.4
-13580.4
-13580.4
-13580.4
-13570.4
-13570.4
-13570.4
-13570.4
-13570.4
-13560.4
-13560.4
-13560.3
-13560.4
-13560.4
-13550.3
-13550.3
-13550.3
-13550.3
-13550.3
-13540.3
-13540.3
-13540.3
-13540.3
-13540.3
-13530.3
-13530.3
-13530.3
-13530.3
-13530.3
-13520.3
-13520.3
-13520.3
-13520.3
-13520.3
-13510.3
-13510.3
-13510.3
-13510.3
-13510.3
-13500.3
-13500.3
-13500.3
-13500.3
-13500.3
-13490.2
-13490.2
-13490.3
-13490.2
-13490.3
-13480.2
-13480.2
-13480.2
-13480.2
-13480.3
-13470.2
-13470.2
-13470.2
-13470.2
-13470.2
-13460.2
-13460.2
-13460.2
-13460.2
-13460.2
-13450.2
-13450.2
-13450.2
-13450.2
-13450.2
-13440.2
-13440.2
-13440.2
-13440.2
-13440.2
-13430.2
-13430.2
-13430.2
-13430.2
-13430.2
-13420.1
-13420.2
-13420.1
-13420.1
-13420.2
-13410.1
-13410.1
-13410.1
-13410.1
-13410.1
-13400.1
-13400.1
-13400.1
-13400.1
-13400.1
-13390.1
-13390.1
-13390.1
-13390.1
-13390.1
-13380.1
-13380.1
-13380.1
-13380.1
-13380.1
-13370.1
-13370.1
-13370.1
-13370.1
-13370.1
-13360.1
-13360.1
-13360.1
-13360.1
-13360
-13350
-13350.1
-13350.1
-13350.1
-13350
-13340
-13340
-13340
-13340
-13340
-13330
-13330
-13330
-13330
-13330
-13320
-13320
-13320
-13320
-13320
-13310
-13310
-13310
-13310
-13310
-13300
-13300
-13300
-13300
-13299.9
-13289.9
-13289.9
-13289.9
-13289.9
-13289.9
-13279.9
-13279.9
-13279.9
-13279.9
-13280
-13269.9
-13269.9
-13269.9
-13269.9
-13269.9
-13259.9
-13259.9
-13259.9
-13259.9
-13259.9
-13249.9
-13249.9
-13249.9
-13249.9
-13249.9
-13239.9
-13239.9
-13239.9
-13239.9
-13239.9
-13229.9
-13229.9
-13229.9
-13229.9
-13229.9
-13219.9
-13219.8
-13219.8
-13219.9
-13219.8
-13209.8
-13209.8
-13209.8
-13209.8
-13209.8
-13199.8
-13199.8
-13199.8
-13199.8
-13199.8
-13189.8
-13189.8
-13189.8
-13189.8
-13189.8
-13179.8
-13179.8
-13179.8
-13179.8
-13179.8
-13169.8
-13169.7
-13169.7
-13169.8
-13169.7
-13159.7
-13159.7
-13159.7
-13159.7
-13159.7
-13149.7
-13149.7
-13149.7
-13149.7
-13149.7
-13139.7
-13139.7
-13139.7
-13139.7
-13139.7
-13129.7
-13129.7
-13129.7
-13129.7
-13129.7
-13119.7
-13119.6
-13119.7
-13119.6
-13119.7
-13109.6
-13109.6
-13109.6
-13109.6
-13109.7
-13099.6
-13099.6
-13099.6
-13099.6
-13099.6
-13089.6
-13089.6
-13089.6
-13089.6
-13089.6
-13079.6
-13079.6
-13079.6
-13079.6
-13079.6
-13069.6
-13069.6
-13069.6
-13069.6
-13069.6
-13059.6
-13059.6
-13059.6
-13059.5
-13059.5
-13049.5
-13049.5
-13049.6
-13049.5
-13049.5
-13039.5
-13039.5
-13039.5
-13039.5
-13039.5
-13029.5
-13029.5
-13029.5
-13029.5
-13029.5
-13019.5
-13019.5
-13019.5
-13019.5
-13019.5
-13009.5
-13009.5
-13009.5
-13009.5
-13009.5
-12999.5
-12999.5
-12999.4
-12999.5
-12999.4
-12989.4
-12989.4
-12989.4
-12989.4
-12989.4
-12979.4
-12979.4
-12979.4
-12979.4
-12979.4
-12969.4
-12969.4
-12969.4
-12969.4
-12969.4
-12959.4
-12959.4
-12959.4
-12959.4
-12959.4
-12949.4
-12949.4
-12949.4
-12949.4
-12949.4
-12939.4
-12939.4
-12939.4
-12939.4
-12939.4
-12929.3
-12929.4
-12929.4
-12929.4
-12929.4
-12919.4
-12919.3
-12919.4
-12919.4
-12919.3
-12909.3
-12909.3
-12909.3
-12909.3
-12909.3
-12899.3
-12899.3
-12899.3
-12899.3
-12899.3
-12889.3
-12889.3
-12889.3
-12889.3
-12889.3
-12879.3
-12879.3
-12879.3
-12879.3
-12879.3
-12865.4
-12862.5
-12859
-12858.9
-12859
-12849
-12849
-12848.9
-12848.9
-12849
-12839
-12839
-12839
-12838.9
-12838.9
-12828.9
-12828.9
-12828.9
-12828.9
-12828.9
-12818.9
-12818.9
-12818.9
-12818.9
-12818.9
-12808.9
-12808.9
-12808.9
-12808.9
-12808.9
-12798.9
-12798.9
-12798.9
-12798.9
-12798.9
-12788.9
-12788.9
-12788.9
-12788.9
-12788.9
-12778.9
-12775.8
-12775.8
-12775.8
-12775.8
-12765.8
-12765.8
-12765.8
-12765.8
-12765.8
-12755.8
-12755.8
-12755.8
-12755.8
-12755.8
-12745.8
-12745.8
-12745.8
-12745.8
-12745.8
-12735.8
-12735.8
-12735.8
-12735.8
-12735.8
-12725.7
-12725.8
-12725.7
-12725.8
-12725.8
-12715.8
-12715.8
-12715.8
-12715.8
-12715.8
-12705.8
-12705.7
-12705.7
-12701.9
-12701.9
-12691.9
-12688.9
-12688.9
-12688.9
-12688.9
-12678.9
-12678.9
-12678.9
-12678.9
-12678.9
-12668.9
-12668.9
-12668.9
-12665.6
-12662.5
-12652.5
-12652.4
-12652.5
-12652.5
-12652.5
-12642.5
-12642.5
-12642.5
-12642.5
-12642.5
-12632.5
-12632.5
-12632.5
-12632.5
-12632.4
-12622.5
-12622.5
-12622.5
-12622.5
-12622.5
-12612.5
-12612.5
-12612.5
-12612.5
-12612.5
-12602.5
-12602.5
-12602.5
-12602.5
-12602.5
-12592.5
