591.563
603.107
600.596
613.756
603.799
600.665
614.478
619.253
620.832
611.762
623.442
636.925
622.617
620.264
624.926
639.996
636.762
625.333
641.61
640.238
636.386
635.26
646.414
632.439
647.012
644.64
647.835
645.309
634.535
653.965
660.032
663.23
672.029
658.269
661.806
660.811
648.127
671.573
672.026
664.98
668.775
679.791
674.638
670.741
677.618
682.915
681.495
682.672
683.697
688.171
682.922
694.017
687.149
684.125
697.453
686.063
701.138
702.118
690.1
698.245
711.724
695.985
687.901
702.771
710.446
706.431
708.195
716.28
707.528
721.904
708.5
714.803
720.297
737.925
732.563
722.083
732.765
722.257
735.857
729.452
714.291
739.868
735.93
736.551
730.001
718.54
740.187
746.491
748.417
750.01
750.506
748.465
743.213
749.449
748.693
753.602
743.48
745.776
758.194
755.041
779.984
773.567
768.357
771.879
762.199
755.55
767.481
769.04
776.138
764.797
777.588
767.122
774.757
762.146
772.304
760.368
786.197
776.178
766.035
800.71
790.428
781.795
787.469
804.397
788.322
781.191
781.592
806.83
783.663
783.269
792.026
808.559
803.842
792.306
805.437
817.504
790.397
805.929
816.953
816.658
796.533
802.513
808.034
803.977
801.036
797.907
824.439
831.386
823.337
811.693
808.195
815.866
827.64
839.14
828.131
821.565
826.571
842.299
835.831
832.644
809.793
843.597
849.553
845.979
843.444
832.168
829.541
828.537
838.993
832.314
833.651
858.222
867.114
845.157
858.748
840.527
851.051
846.089
838.89
848.957
836.272
862.188
840.205
834.719
832.919
844.996
869.858
836.676
862.817
849.325
842.506
861.228
836.13
861.517
839.736
856.96
858.308
868.751
857.652
860.95
869.75
868.694
863.172
865.761
847.9
857.502
861.917
872.767
866.572
875.496
873.307
854.495
872.477
881.272
869.162
848.75
866.668
859.446
855.22
858.295
864.535
862.246
857.618
865.33
855.26
871.115
890.888
861.711
875.779
870.688
868.73
886.66
854.197
876.079
878.518
858.841
871.703
866.629
874.777
865.84
849.004
874.479
849.404
853.922
842.849
872.482
870.516
871.06
859.754
877.177
865.656
867.196
852.638
873.113
869.076
880.536
849.687
863.972
855.037
863.238
860.792
869.808
856.026
868.463
868.643
853.595
864.126
864.732
868.991
853.137
846.455
860.027
873.783
860.053
838.562
847.852
852.999
840.539
854.833
863.365
852.905
864.567
847.432
862.947
866.374
869.117
846.947
862.677
860.69
868.143
865.267
860.722
863.643
875.989
878.612
874.509
860.379
882.207
871.288
860.334
861.728
867.14
875.886
887.321
877.279
870.37
872.877
881.21
901.044
878.412
874.559
871.389
882.682
892.368
889.851
875.803
892.929
913.151
880.656
894.841
883.35
888.549
899.71
892.607
891.382
904.399
886.393
906.095
888.307
904.227
905.005
904.44
904.864
907.679
919.747
909.586
922.379
922.392
908.554
910.974
923.048
921.415
908.019
909.609
928.186
932.929
938.477
936.14
923.751
951.534
941.758
936.493
938.819
937.723
944.058
934.169
940.82
933.024
946.814
944.796
947.865
963.539
944.992
935.343
946.02
952.821
958.62
969.036
956.91
952.535
935.275
951.948
965.236
976.441
971.442
974.194
985.074
978.919
972.137
990.186
971.821
987.888
975.671
987.091
982.65
968.224
984.957
998.885
994.087
987.154
989.267
993.21
1008.78
999.296
1013.16
981.601
1005.59
1005.03
986.278
986.218
990.76
1004.27
1020.31
1023.37
1006.34
1032.14
1025.18
1017.27
1005.7
1016.66
1018.17
1023.2
1020.14
1019.32
1027.33
1030.92
1032.68
1041.91
1016.93
1025.21
1013.74
1033.74
1042.56
1041.74
1037.14
1035.51
1048.78
1062.04
1041.71
1059.2
1063.92
1070.7
1050.4
1034.28
1068.59
1079.49
1070.62
1051.21
1055.73
1060.04
1080.26
1064.09
1067.08
1072.07
1081.46
1100.16
1080.84
1060.03
1067.4
1071.57
1078.73
1108.05
1086.51
1083.62
1088.52
1058.36
1086.31
1104.07
1093.81
1089.14
1075.53
1092.5
1099.51
1074.84
1111.91
1104.29
1085.78
1096.18
1096.45
1096.31
1094.83
1121.32
1095.96
1097.48
1120.69
1114.92
1113.12
1105.64
1096.78
1096.89
1120.42
1132.87
1102.01
1126.69
1116.23
1116.84
1139.85
1145.06
1134.24
1134.86
1139.06
1144.01
1138.3
1133.61
1143.25
1154.42
1144.43
1152.05
1139.54
1156.21
1171.61
1178.71
1154.27
1148.59
1151.41
1162.82
1157.85
1157.21
1175.21
1169.66
1146.43
1165.42
1173.92
1158.24
1164.66
1165.77
1159.12
1157.31
1153.63
1161.25
1187.01
1197.11
1192.68
1189.29
1195.17
1163.31
1201.15
