588.894
597.238
603.665
602.27
608.214
603.735
615.956
608.167
607.346
605.457
605.883
620.689
621.893
612.795
620.878
604.456
629.032
632.506
619.333
636.426
618.861
630.888
644.344
640.266
634.404
632.351
634.999
638.417
637.766
648.329
628.452
656.513
639.324
639.252
647.952
650.063
661.955
649.068
654.587
651.449
664.662
660.999
669.292
676.027
662.595
665.882
674.605
668.804
687.766
669.407
668.406
686.217
693.075
681.963
682.788
686.382
694.328
685.87
683.808
695.619
688.344
695.895
690.55
697.207
692.993
689.451
712.049
711.522
706.511
702.925
707.73
712.504
710.857
719.567
706.779
699.813
717.319
712.623
722.531
727.971
714.077
720.665
725.889
714.609
719.396
726.701
732.458
739.368
737.36
740.1
725.293
749.077
746.213
747.507
730.695
751.068
755.079
747.29
741.962
750.144
750.221
757.494
758.877
752.484
745.529
747.807
758.741
771.041
766.887
783.878
777.056
770.271
770.979
771.81
754.497
763.541
764.787
760.629
779.895
767.629
773.758
774.831
782.865
759.667
766.97
775.789
770.128
765.055
779.219
766.076
769.14
776.66
784.695
786.885
797.84
794.183
792.325
800.258
787.458
802.144
788.944
793.024
796.855
790.724
815.393
806.541
810.357
789.044
804.354
800.628
789.181
818.818
810.333
814.541
817.957
805.295
810.118
801.117
819.37
820.504
812.438
828.213
812.159
816.406
804.303
804.626
804.645
830.602
806.069
807.937
820.325
811.207
817.628
812.22
818.486
813.717
817.524
802.242
820.067
809.067
815.887
823.21
816.719
828.697
834.09
817.108
840.812
839.301
833.393
812.283
801.166
812.392
832.443
818.519
812.258
809.943
798.962
818.444
814.676
813.698
823.084
820.185
817.612
812.746
818.09
814.758
829.096
821.248
823.886
814.019
827.132
842.907
832.065
837.614
829.536
809.015
825.686
811.436
827.502
824.639
814.233
817.983
821.695
807.972
822.075
805.938
814.104
827.213
820.573
803.883
808.97
811.33
822.4
829.16
819.324
830.905
836.28
824.609
825.954
830.833
828.674
808.905
819.484
831.894
820.491
816.907
833.568
825.025
827.557
819.22
810.856
831.365
817.036
805.304
821.349
804.341
809.378
808.026
820.827
812.433
809.672
823.283
808.949
808.511
806.047
813.155
817.619
814.116
801.394
821.523
799.589
827.166
825.711
807.112
812.536
828.264
830.401
821.22
815.114
814.24
828.42
830.087
847.107
841.102
825.224
826.332
855.145
847.627
830.665
858.313
846.664
857.47
854.257
852.772
854.65
849.063
860.202
855.502
868.285
862.482
858.378
869.987
863.735
860.935
858.318
870.967
876.141
870.717
866.92
866.944
878.082
886.921
897.268
888.935
902.405
870.034
885.577
893.681
883.586
875.825
903.73
895.472
887.404
884.74
899.335
901.358
894.665
907.098
895.822
912.224
881.134
912.133
918.626
904.328
892.002
897.172
903.317
909.415
905.418
921.902
915.47
915.358
905.154
942
928.721
916.196
932.304
942.587
936.974
923.518
934.917
933.997
931.814
915.29
933.328
922.49
926.313
933.636
922.344
930.091
939.342
948.595
953.327
942.023
949.972
964.321
977.387
965.884
948.73
970.271
944.981
959.517
968.413
950.245
967.779
961.522
964.836
976.713
959.88
959.309
976.398
971.541
968.921
985.806
980.197
966.524
985.263
961.788
985.928
971.941
985.284
977.659
973.071
993.037
960.045
997.327
990.178
989.416
1018.05
1003.81
1004.71
1004.34
1013.55
1016.76
1007.45
1002.82
1032.05
1006.26
1034.83
994.644
1023.27
1026.08
1016.49
1029.75
1018.84
1049.69
1030.83
999.311
1022.5
1026.12
1021.93
1016.33
1041.8
1042.06
1058.27
1026.16
1051.74
1038.44
1037.18
1038.92
1055.59
1055.62
1068.97
1052.79
1028.95
1037.2
1058.46
1043.58
1056.66
1034.8
1066.83
1057.94
1067.48
1055.57
1043.29
1057.13
1057.11
1066.24
1061.05
1073.21
1077.58
1075.25
1078.53
1081.94
1097.91
1075.37
1089.01
1073.44
1085.41
1090.27
1090.98
1078.2
1088.67
1075.9
1091.06
1099.43
1097.74
1077.95
1122.12
1087.31
1089.51
1111.49
1121.81
1093.14
1087.87
1094.13
1110.93
1107.36
1125.23
1111.56
1121.3
1120.64
1118.78
1089.83
1122.55
1128.04
1123.52
1125.66
1130.27
1120.69
1123.54
1128.5
1149.15
1134.62
1120.16
1130.82
1132.65
1157.19
1139.46
1143.99
1131.19
1148.98
1161.24
1166.22
1157.06
1152.15
1167.71
1202.99
