591.493
598.586
601.846
602.137
598.447
616.48
619.624
610.058
616.868
616.777
622.544
620.73
629.603
626.499
632.014
626.782
627.269
638.872
641.108
634.41
632.813
637.017
644.898
639.914
641.933
652.316
645.47
648.718
643.918
652.672
645.763
648.905
666.221
662.33
659.09
645.332
659.47
662.814
667.578
671.724
662.229
662.573
677.415
673.242
662.731
664.407
683.176
691.85
678.703
676.804
682.486
693.924
680.938
677.607
693.433
693.725
691.325
698.525
695.511
682.181
703.1
699.75
713.815
698.282
699.292
692.132
708.908
713.68
715.22
717.88
699.965
715.76
725.923
721.259
708.899
719.338
722.171
733.182
724.546
732.873
722.671
735.556
727.077
737.717
734.752
740.796
733.315
743.73
734.537
730.891
740.188
738.097
744.012
749.254
755.064
739.846
756.197
762.713
753.949
750.783
751.151
767.096
751.889
756.998
755.424
772.596
777.342
784.726
771.447
765.618
762.056
780.796
774.253
782
781.164
759.439
764.862
792.986
762.403
784.861
763.731
781.815
784.021
793.695
779.493
776.984
806.582
794.668
804.044
793.761
806.484
774.911
797.81
791.297
788.671
795.93
796.278
808.12
792.009
802.077
798.12
804.114
800.542
818.607
819.494
802.93
813.257
819.265
788.739
806.007
813.715
812.509
803.588
807.76
816.847
816.105
831.542
806.676
814.918
814.089
827.008
825.76
817.176
828.043
827.276
809.513
826.477
808.399
822.926
820.882
808.954
824.504
837.427
827.294
834.407
838.46
843.763
839.275
851.272
833.039
829.062
843.881
841.19
831.9
848.76
813.335
842.812
814
831.215
826.336
837.995
833.145
842.241
825.631
832.441
822.092
833.132
816.296
844.603
833.026
834.885
819.78
824.377
824.094
824.031
843.581
833.039
841.906
827.372
840.419
830.979
852.571
833.095
831.445
836.45
827.473
852.903
843.115
837.495
836.594
826.302
832.485
845.307
841.106
846.332
837.347
846.548
829.057
841.047
833.059
842.265
843.726
854.297
842.129
844.84
826.266
838.101
826.285
839.65
843.117
829.229
840.378
834.335
841.622
837.103
828.303
833.244
844.054
855.224
838.116
841.396
853.975
845.334
842.313
844.972
845.196
832.721
857.513
836.923
864.525
837
837.04
847.868
838.723
846.499
853.528
848.463
835.741
843.179
842.362
862.013
840.751
856.015
838.954
846.258
828.581
844.824
852.325
851.165
846.905
839.805
849.63
863.014
849.765
853.238
854.471
835.566
845.028
843.978
854.537
853.78
855.06
862.414
868.067
844.903
842.732
854.859
862.661
846.751
869.259
866.271
869.453
867.317
857.225
885.52
864.163
868.029
878.763
873.841
873.775
873.263
878.714
880.79
869.202
888.852
882.329
885.441
891.16
873.487
885.411
893.86
903.173
877.244
894.588
878.873
892.842
889.016
904.2
923.197
914.571
912.218
898.603
911.58
917.349
905.972
924.748
891.738
909.474
909.632
917.068
922.557
921.974
917.906
908.755
926.582
928.767
925.288
934.096
946.034
931.773
926.755
928.707
933.067
933.7
916.951
946.67
933.081
944.987
935.4
941.603
939.788
946.9
951.886
947.31
961.711
971.052
964.875
941.994
960.385
944.925
958.479
956.086
966.631
967.31
984.575
962.711
978.515
996.389
979.473
972.247
970.135
975.812
976.513
981.378
983.716
975.58
981.265
989.538
973.134
986.975
996.65
1003.47
997.903
1011.97
990.48
973.706
988.29
1006.39
984.342
995.351
1016.22
992.346
1004.01
1003.98
1000.47
1014.67
1021.92
1005.5
1016.05
1025.7
1004.16
1035.75
1009.33
1027.04
1032.05
1012.46
1012.98
1032.34
1039.98
1026.83
1015.16
1024.94
1031.93
1062.5
1061.27
1030.86
1045.71
1042.16
1053.19
1046.03
1046.96
1047.84
1059.57
1043.51
1050.65
1048.44
1069.57
1077.71
1061.22
1067.43
1057.09
1063.99
1080.65
1065.92
1059.94
1063.34
1056.26
1070.17
1080.26
1077.43
1085.62
1070.71
1073.6
1083.71
1075.48
1085.85
1093.54
1070.47
1073.3
1072.86
1080.27
1098.08
1092.16
1103.79
1110.04
1092.15
1090.98
1124.97
1108.04
1099.59
1121.42
1093.77
1122.64
1116.99
1087.58
1110.05
1113.15
1134.81
1124.66
1113.15
1131.51
1101.35
1122.27
1137.87
1146.37
1130.96
1137.6
1126.49
1118.01
1132.99
1131.77
1142.39
1146.67
1147.14
1116.21
1134.74
1146.01
1156.3
1144.3
1131.25
1153.69
1135.91
1149.34
1155.04
1155.26
1163.31
1174.54
1157.11
1174.84
1169.54
1154.67
1169.41
1153.85
1164.16
1180.8
1167.21
1181.07
1188.87
1176.56
1184.13
1163.61
1181.29
1186.74
1180.39
1170.68
1182.71
1183.65
1177.27
1201.99
