585.296
594.265
597.78
603.068
605.892
591.237
609.312
612.741
604.687
598.218
613.315
621.158
607.048
612.534
620.738
619.544
619.662
628.18
634.582
627.73
612.5
634.362
630.64
625.226
624.473
629.48
645.638
642.023
641.263
635.344
629.821
648.943
632.77
641.371
651.391
649.802
653.596
644.186
657.779
648.36
661.672
668.524
665.032
669.477
662.115
661.81
659.023
670.09
679.377
665.949
659.219
677.44
681.533
701.396
665.429
682.32
689.42
690.735
684.041
679.729
680.8
698.903
674.366
700.225
698.979
701.974
686.069
697.915
716.214
698.175
704.21
697.31
707.668
705.497
713.175
706.952
719.06
731.543
714.671
714.753
711.512
731.801
720.019
717.486
719.724
719.167
726.972
714.988
723.815
736.035
721.886
742.677
742.029
742.906
750.676
743.399
752.069
743.639
736.826
721.182
742.76
750.851
737.475
762.981
751.366
744.529
758.134
752.328
744.943
762.524
752.69
753.158
776.798
760.799
736.494
774.794
764.476
771.567
780.507
780.706
763.262
768.255
775.838
760.748
767.44
776.341
785.68
766.968
778.328
777.282
767.919
777.644
784.105
790.199
776.47
765.345
781.87
783.022
775.765
769.235
777.588
785.895
781.854
790.338
782.14
784.974
783.345
792.221
777.519
783.116
783.946
800.58
791.212
792.546
788.013
787.475
787.826
774.496
774.875
780.359
789.926
791.368
791.273
772.538
771.501
771.66
775.192
789.941
782.929
800.336
778.819
800.972
788.228
791.16
783.069
795.332
808.478
789.626
792.969
804.106
789.198
798.844
802.633
786.588
798.365
813.577
789.038
791.425
797.831
785.635
788.139
786.014
803.311
805.955
794.65
799.824
809.419
802.214
796.953
792.058
801.215
805.515
807.198
804.042
792.156
800.863
808.729
799.132
806.841
809.308
806.026
817.367
811.47
790.189
794.794
795.866
811.119
811.087
810.47
798.262
802.233
786.917
791.891
803.404
788.28
782.472
803.08
805.078
807.527
793.164
798.17
792.052
805.134
804.188
800.964
787.741
807.349
803.196
784.199
797.985
801.247
792.574
795.785
790.081
783.351
789.035
794.938
791.306
796.337
805.834
782.452
791.326
791.174
807.631
802.212
795.294
807.245
822.06
787.595
802.532
804.708
812.358
813.62
804.863
801.308
809.094
803.525
816.575
805.827
820.762
816.766
825.196
811.094
818.082
829.795
827.459
835.206
847.705
835.346
829.505
825.702
848.384
830.143
852.684
838.992
825.546
864.658
843.114
840.942
856.068
838.491
842.797
843.99
854.511
859.303
861.09
861.524
850.906
868.77
864.153
854.561
859.93
868.079
873.426
859.197
856.982
886.72
892.272
864.862
862.605
853.886
883.212
881.679
884.939
884.958
865.059
885.816
889.358
878.133
884.339
866.696
875.091
896.667
889.109
910.294
894.879
901.619
908.449
903.298
904.78
890.48
909.98
904.425
902.096
895.081
901.773
905.612
924.602
901.772
915.858
891.444
920.07
922.719
927.379
922.12
915.449
927.101
930.596
928.914
939.985
937.519
956.912
953.604
939.323
927.308
927.78
964.349
932.649
939.899
954.271
947.341
957.462
952.883
954.553
960.005
964.397
965.902
965.6
965.114
938.141
960.197
976.672
961.995
960.456
987.748
971.098
962.065
986.07
977.482
975.343
992.218
972.921
971.925
972.099
986.77
991.569
1004.11
968.01
992.583
990.911
983.953
1008.3
1000.74
1007.47
1017.15
997.363
994.668
992.735
1031.77
1010.36
1010.19
1010.82
1045.41
1020.5
1022.27
1047.8
1024.99
1029.5
1023.71
1026.37
1019.69
1038.79
1031.15
1021.83
1047.44
1040.34
1057.82
1044.69
1027.99
1048.58
1034.13
1051.51
1044.73
1028.31
1059.77
1061.32
1052.35
1046.64
1061.03
1064.72
1046.79
1055.1
1087.13
1069.83
1061.27
1060.43
1078.28
1086.77
1073.5
1071.08
1057.9
1089.7
1080.49
1087.06
1094.96
1097.36
1092.93
1086.62
1085.7
1079.15
1104.89
1079.5
1080.9
1092.48
1108.21
1097.25
1108.76
1132.5
1112.23
1093.17
1123.58
1106.75
1111.76
1108.68
1109.16
1098.22
1132.07
1124.26
1134.53
1122.35
1123.04
1137.67
1147.38
1152.19
1117.84
1116.75
1172.69
1137.04
1137.24
1146.8
1151.54
1129.58
1165.52
1156.37
1160.66
1145.01
1183.32
1165.6
1178.66
1147.42
1164.39
1163.43
1178.71
1175.07
1164.75
1166.3
1194.75
1194.01
1175.66
1190.47
1186.55
1195.53
1204.69
