579.49
590.237
596.313
582.006
595.859
590.132
597.281
599.018
608.857
607.645
598.541
592.137
613.747
608.252
602.666
613.006
609.464
622.64
622.958
614.239
615.15
628.345
639.995
617.712
631.216
634.262
630.454
647.008
640.818
635.322
644.303
651.448
637.062
643.041
650.071
628.202
650.086
648.361
662.556
641.975
647.136
668.671
648.517
663.488
654.943
661.559
668.588
665.016
669.539
674.928
665.297
679.861
683.143
671.332
673.771
673.455
675.235
680.822
691.923
677.851
690.749
685.565
698.272
700.802
688.385
692.048
690.831
713.644
694.833
696.489
687.67
707.287
720.027
710.424
700.665
709.443
703.568
723.536
711.085
720.593
713.831
732.508
724.792
732.302
731.777
723.918
742.675
740.795
734.178
742.221
719.301
738.111
741.567
736.197
737.214
744.339
737.157
750.43
741.364
743.246
756.972
763.997
742.43
749.85
757.365
763.579
755.151
780.922
739.541
786.413
768.958
781.377
766.449
758.023
756.212
757.925
776.264
784.566
768.722
775.098
780.367
776.37
780.926
766.155
782.69
761.409
790.45
775.923
780.064
780.535
780.742
784.576
783.601
787.058
773.15
783
774.968
788.509
769.111
771.326
770.929
785.037
790.52
804.596
787.099
791.334
794.746
810.617
789.189
794.95
796.06
799.3
782.64
802.246
789.832
799.841
807.991
807.872
806.137
802.865
803.517
803.724
817.056
794.921
829.743
813.831
806.026
815.813
813.089
809.41
806.453
812.116
805.152
793.871
820.071
799.306
813.563
815.605
809.53
799.403
805.762
828.345
807.855
799.327
801.488
805.841
802.748
817.589
802.168
807.359
810.545
792.235
817.377
810.298
802.052
815.694
813.863
815.293
815.692
804.883
804.796
803.212
824.788
815.823
817.977
808.526
823.86
808.738
810.531
820.137
811.171
829.809
827.985
828.912
815.38
825.041
826.677
831.299
834.263
838.472
838.995
856.933
843.219
838.261
847.445
852.117
861.013
863.56
862.233
846.618
879.997
879.677
858.701
890.373
871.478
869.976
901.365
891.134
911.36
908.528
904.907
921.132
901.03
904.785
917.245
927.071
917.266
922.213
955.524
937.002
945.9
959.783
951.702
949.608
958.266
953.666
964.153
984.91
973.426
984.718
1000.58
1013.27
1004.92
994.655
1011.22
1031.64
1045.51
1039.24
1045.33
1048.67
1077.1
1071.4
1078.43
1087.99
1073.16
1115.92
1126.06
1109.34
1118.59
1135.63
1157.62
1164.14
1179.69
1180.49
1202.28
