441321
441557
441557
441557
441557
441557
441557
441557
441557
441557
441557
441557
441557
441557
441557
441557
441557
441557
441557
441557
441557
441557
441557
441557
441557
441557
441557
441557
441557
441557
441557
441557
441557
441557
441557
441557
441557
441557
441557
441557
441557
441557
441557
441557
441557
441557
441557
441557
441557
441557
441557
441557
441557
441557
441557
441557
441557
441557
441557
441557
441557
441557
441557
441557
441557
441557
441557
441557
441557
441557
441557
441557
441557
441557
441557
441557
441557
441557
441557
441557
441557
441557
441557
441557
441557
441557
441557
441557
441557
441557
441557
441557
441557
441557
441557
441557
441557
441557
441557
441557
