216137
216373
216373
216373
216373
216373
216373
216373
216373
216373
216373
216373
216373
216373
216373
216373
216373
216373
216373
216373
216373
216373
216373
216373
216373
216373
216373
216373
216373
216373
216373
216373
216373
216373
216373
216373
216373
216373
216373
216373
216373
216373
216373
216373
216373
216373
216373
216373
216373
216373
216373
216373
216373
216373
216373
216373
216373
216373
216373
216373
216373
216373
216373
216373
216373
216373
216373
216373
216373
216373
216373
216373
216373
216373
216373
216373
216373
216373
216373
216373
216373
216373
216373
216373
216373
216373
216373
216373
216373
216373
216373
216373
216373
216373
216373
216373
216373
216373
216373
216373
216373
216373
216373
216373
216373
216373
216373
216373
216373
216373
216373
216373
216373
216373
216373
216373
216373
216373
216373
216373
216373
216373
216373
216373
216373
216373
216373
216373
216373
216373
216373
216373
216373
216373
216373
216373
216373
216373
216373
216373
216373
216373
216373
