282365
282601
282601
282601
282601
282601
282601
282601
282601
282601
282601
282601
282601
282601
282601
282601
282601
282601
282601
282601
282601
282601
282601
282601
282601
282601
282601
282601
282601
282601
282601
282601
282601
282601
282601
282601
282601
282601
282601
282601
282601
282601
282601
282601
282601
282601
282601
282601
282601
282601
282601
282601
282601
282601
282601
282601
282601
282601
282601
282601
282601
282601
282601
282601
282601
282601
282601
282601
282601
282601
282601
282601
282601
282601
282601
282601
282601
282601
282601
282601
282601
282601
282601
282601
282601
282601
282601
282601
282601
282601
282601
282601
282601
282601
282601
282601
282601
282601
282601
282601
282601
282601
282601
282601
282601
282601
282601
282601
282601
282601
282601
282601
282601
282601
282601
282601
282601
282601
282601
282601
282601
282601
282601
282601
282601
