357426
357662
357662
357662
357662
357662
357662
357662
357662
357662
357662
357662
357662
357662
357662
357662
357662
357662
357662
357662
357662
357662
357662
357662
357662
357662
357662
357662
357662
357662
357662
357662
357662
357662
357662
357662
357662
357662
357662
357662
357662
357662
357662
357662
357662
357662
357662
357662
357662
357662
357662
357662
357662
357662
357662
357662
357662
357662
357662
357662
357662
357662
357662
357662
357662
357662
357662
357662
357662
357662
357662
357662
357662
357662
357662
357662
357662
357662
357662
357662
357662
357662
357662
357662
357662
357662
357662
357662
357662
357662
357662
357662
357662
357662
357662
357662
357662
357662
357662
357662
357662
357662
357662
357662
357662
357662
357662
357662
357662
357662
357662
357662
